0;8022014;1;2;t;
0;11092014;1;35;t;
0;10022014;1;34;t;
0;10092014;1;8;t;
0;8072014;1;30;t;
0;31012014;1;8;t;
0;16092014;1;2;t;
0;17092014;1;0;t;
0;11022014;1;2;t;
0;16072014;1;6;t;
0;9092014;1;4;t;
0;12022014;1;30;t;
0;13022014;1;2;t;
0;15072014;1;39;t;
0;30012014;1;30;t;
0;8092014;1;6;t;
0;14022014;1;2;t;
0;6092014;1;2;t;
0;9062014;1;2;t;
0;29012014;1;2;t;
0;15022014;1;32;t;
0;10012014;1;0;t;
0;5092014;1;2;t;
0;17022014;1;41;t;
0;10062014;1;30;t;
0;28012014;1;8;t;
0;18022014;1;30;t;
0;4092014;1;35;t;
0;24022014;1;30;t;
0;27012014;1;2;t;
0;11062014;1;30;t;
0;22022014;1;0;t;
0;21022014;1;2;t;
0;2092014;1;6;t;
0;20022014;1;30;t;
0;19022014;1;2;t;
0;3032015;1;2;t;
0;20022015;1;35;t;
0;29012015;1;38;t;
0;4032015;1;2;t;
0;17022015;1;2;t;
0;5032015;1;35;t;
0;9022015;1;37;t;
0;28012015;1;0;t;
0;6032015;1;35;t;
0;21022015;1;2;t;
0;27012015;1;35;t;
0;7032015;1;2;t;
0;16022015;1;2;t;
0;26012015;1;4;t;
0;9032015;1;35;t;
0;7022015;1;35;t;
0;24012015;1;2;t;
0;10032015;1;35;t;
0;23022015;1;0;t;
0;23012015;1;35;t;
0;11032015;1;35;t;
0;12022015;1;0;t;
0;22012015;1;2;t;
0;12032015;1;2;t;
0;6022015;1;2;t;
0;21012015;1;0;t;
0;13032015;1;41;t;
0;24022015;1;6;t;
0;20012015;1;0;t;
0;14032015;1;2;t;
0;18022015;1;0;t;
0;19012015;1;2;t;
0;16032015;1;35;t;
0;5022015;1;2;t;
0;17012015;1;2;t;
0;17032015;1;38;t;
0;25022015;1;2;t;
0;16012015;1;0;t;
0;24102014;1;35;t;
0;17122014;1;0;t;
0;16122014;1;2;t;
0;15122014;1;41;t;
0;13122014;1;2;t;
0;12122014;1;0;t;
0;11122014;1;35;t;
0;10122014;1;2;t;
0;9122014;1;2;t;
0;8122014;1;35;t;
0;6122014;1;2;t;
0;5122014;1;2;t;
0;4122014;1;35;t;
0;3122014;1;0;t;
0;2122014;1;2;t;
0;1122014;1;2;t;
0;29112014;1;2;t;
0;28112014;1;2;t;
0;27112014;1;2;t;
0;26112014;1;35;t;
0;25112014;1;2;t;
0;24112014;1;0;t;
0;22112014;1;2;t;
0;21112014;1;0;t;
0;20112014;1;35;t;
0;19112014;1;35;t;
0;18112014;1;35;t;
0;17112014;1;35;t;
0;14112014;1;0;t;
0;13112014;1;35;t;
0;12112014;1;38;t;
0;11112014;1;6;t;
0;10112014;1;0;t;
0;8112014;1;37;t;
0;7112014;1;2;t;
0;6112014;1;39;t;
0;5112014;1;2;t;
0;1092014;1;6;t;
0;25022014;1;30;t;
0;18092014;1;2;t;
0;12062014;1;30;t;
0;26022014;1;30;t;
0;11012014;1;32;t;
0;27022014;1;30;t;
0;30082014;1;35;t;
0;28022014;1;38;t;
0;1032014;1;2;t;
0;29082014;1;35;t;
0;3032014;1;30;t;
0;4032014;1;4;t;
0;19092014;1;2;t;
0;28082014;1;0;t;
0;27082014;1;35;t;
0;26082014;1;0;t;
0;1072014;1;30;t;
0;25012014;1;30;t;
0;10072014;1;30;t;
0;5032014;1;32;t;
0;6032014;1;30;t;
0;25082014;1;35;t;
0;7032014;1;2;t;
0;8032014;1;2;t;
0;23082014;1;8;t;
0;22082014;1;41;t;
0;21082014;1;2;t;
0;10032014;1;0;t;
0;11032014;1;30;t;
0;12032014;1;2;t;
0;13032014;1;0;t;
0;20082014;1;6;t;
0;4072014;1;30;t;
0;24012014;1;2;t;
0;14032014;1;40;t;
0;19082014;1;6;t;
0;15032014;1;30;t;
0;20092014;1;44;t;
0;28062014;1;0;t;
0;18082014;1;2;t;
0;17032014;1;30;t;
0;16082014;1;2;t;
0;18032014;1;0;t;
0;19032014;1;10;t;
0;20032014;1;30;t;
0;13062014;1;30;t;
0;23012014;1;32;t;
0;15082014;1;43;t;
0;21032014;1;30;t;
0;22032014;1;30;t;
0;14082014;1;37;t;
0;24032014;1;30;t;
0;13082014;1;2;t;
0;25032014;1;2;t;
0;14062014;1;2;t;
0;22012014;1;30;t;
0;26032014;1;7;t;
0;22092014;1;35;t;
0;2042014;1;30;t;
0;3042014;1;2;t;
0;9072014;1;30;t;
0;12082014;1;37;t;
0;4042014;1;8;t;
0;11082014;1;35;t;
0;15012014;1;0;t;
0;21012014;1;8;t;
0;5042014;1;30;t;
0;9082014;1;2;t;
0;7042014;1;2;t;
0;8082014;1;2;t;
0;8042014;1;32;t;
0;23092014;1;35;t;
0;2072014;1;6;t;
0;24092014;1;35;t;
0;14072014;1;0;t;
0;7082014;1;35;t;
0;9042014;1;2;t;
0;10042014;1;30;t;
0;11042014;1;8;t;
0;16062014;1;0;t;
0;20012014;1;30;t;
0;6082014;1;35;t;
0;12042014;1;2;t;
0;25092014;1;35;t;
0;17062014;1;30;t;
0;5082014;1;6;t;
0;4082014;1;2;t;
0;14042014;1;20;t;
0;15042014;1;32;t;
0;2082014;1;35;t;
0;16042014;1;30;t;
0;17042014;1;30;t;
0;26092014;1;2;t;
0;19042014;1;36;t;
0;1082014;1;54;t;
0;18062014;1;0;t;
0;22042014;1;30;t;
0;3102014;1;6;t;
0;23042014;1;30;t;
0;24042014;1;30;t;
0;20062014;1;30;t;
0;31072014;1;30;t;
0;18012014;1;2;t;
0;25042014;1;30;t;
0;26042014;1;30;t;
0;28042014;1;2;t;
0;29042014;1;2;t;
0;30072014;1;0;t;
0;30042014;1;30;t;
0;2052014;1;32;t;
0;12072014;1;2;t;
0;17012014;1;30;t;
0;13012014;1;2;t;
0;29072014;1;30;t;
0;27092014;1;2;t;
0;21062014;1;36;t;
0;18102014;1;2;t;
0;3052014;1;0;t;
0;4112014;1;0;t;
0;4102014;1;40;t;
0;17102014;1;9;t;
0;16102014;1;2;t;
0;3112014;1;35;t;
0;15102014;1;2;t;
0;14102014;1;53;t;
0;1112014;1;4;t;
0;9102014;1;0;t;
0;13102014;1;0;t;
0;31102014;1;2;t;
0;20102014;1;0;t;
0;21102014;1;35;t;
0;22102014;1;35;t;
0;28072014;1;2;t;
0;30102014;1;2;t;
0;29102014;1;35;t;
0;10102014;1;2;t;
0;11102014;1;41;t;
0;28102014;1;0;t;
0;7102014;1;35;t;
0;27102014;1;35;t;
0;25102014;1;2;t;
0;8102014;1;35;t;
0;23102014;1;35;t;
0;6102014;1;35;t;
0;5052014;1;30;t;
0;18032015;1;0;t;
0;14022015;1;39;t;
0;19032015;1;2;t;
0;4022015;1;2;t;
0;15012015;1;2;t;
0;20032015;1;37;t;
0;26022015;1;35;t;
0;14012015;1;37;t;
0;21032015;1;4;t;
0;11022015;1;30;t;
0;13012015;1;4;t;
0;23032015;1;37;t;
0;3022015;1;2;t;
0;12012015;1;2;t;
0;24032015;1;35;t;
0;27022015;1;0;t;
0;10012015;1;35;t;
0;25032015;1;2;t;
0;19022015;1;35;t;
0;9012015;1;18;t;
0;26032015;1;0;t;
0;2022015;1;38;t;
0;8012015;1;0;t;
0;27032015;1;35;t;
0;28022015;1;38;t;
0;7012015;1;37;t;
0;4042015;1;2;t;
0;13022015;1;2;t;
0;6012015;1;0;t;
0;6042015;1;35;t;
0;31012015;1;2;t;
0;5012015;1;35;t;
0;7042015;1;2;t;
0;2032015;1;0;t;
0;20122014;1;35;t;
0;8042015;1;37;t;
0;10022015;1;37;t;
0;19122014;1;2;t;
0;9042015;1;41;t;
0;30012015;1;0;t;
0;18122014;1;37;t;
0;3092014;1;0;t;
0;6052014;1;2;t;
0;7052014;1;30;t;
0;26072014;1;30;t;
0;8052014;1;30;t;
0;9052014;1;32;t;
0;10052014;1;30;t;
0;25072014;1;30;t;
0;12052014;1;0;t;
0;13052014;1;2;t;
0;30062014;1;0;t;
0;16012014;1;34;t;
0;14052014;1;16;t;
0;29092014;1;2;t;
0;23062014;1;30;t;
0;15052014;1;2;t;
0;24072014;1;6;t;
0;16052014;1;2;t;
0;17052014;1;30;t;
0;19052014;1;32;t;
0;23072014;1;30;t;
0;20052014;1;30;t;
0;21052014;1;30;t;
0;22072014;1;30;t;
0;22052014;1;6;t;
0;23052014;1;2;t;
0;24052014;1;32;t;
0;21072014;1;30;t;
0;30092014;1;2;t;
0;3072014;1;30;t;
0;27052014;1;6;t;
0;28052014;1;20;t;
0;1102014;1;2;t;
0;24062014;1;6;t;
0;29052014;1;30;t;
0;30052014;1;6;t;
0;31052014;1;2;t;
0;19072014;1;2;t;
0;2062014;1;2;t;
0;25062014;1;0;t;
0;2102014;1;41;t;
0;26062014;1;30;t;
0;3062014;1;2;t;
0;18072014;1;30;t;
0;4062014;1;6;t;
0;5062014;1;0;t;
0;17072014;1;32;t;
0;7072014;1;30;t;
0;6062014;1;30;t;
0;11072014;1;2;t;
0;7062014;1;2;t;
0;14012014;1;32;t;
0;27062014;1;36;t;
0;3022014;1;30;t;
0;15092014;1;35;t;
0;4022014;1;8;t;
0;13092014;1;2;t;
0;5022014;1;2;t;
0;5072014;1;2;t;
0;1022014;1;0;t;
0;6022014;1;30;t;
0;12092014;1;37;t;
0;7022014;1;2;t;
0;28052014;2;30;t;
0;16022015;2;40;t;
0;17022015;2;43;t;
0;18022015;2;2;t;
0;19022015;2;35;t;
0;20022015;2;35;t;
0;21022015;2;35;t;
0;23022015;2;2;t;
0;24022015;2;0;t;
0;25022015;2;37;t;
0;26022015;2;40;t;
0;27022015;2;0;t;
0;28022015;2;37;t;
0;2032015;2;39;t;
0;3032015;2;35;t;
0;4032015;2;35;t;
0;5032015;2;37;t;
0;6032015;2;35;t;
0;7032015;2;35;t;
0;9032015;2;0;t;
0;10032015;2;2;t;
0;11032015;2;0;t;
0;12032015;2;35;t;
0;13032015;2;35;t;
0;14032015;2;35;t;
0;16032015;2;35;t;
0;17032015;2;35;t;
0;18032015;2;38;t;
0;19032015;2;41;t;
0;20032015;2;40;t;
0;21032015;2;0;t;
0;23032015;2;35;t;
0;24032015;2;2;t;
0;25032015;2;35;t;
0;26032015;2;35;t;
0;27032015;2;37;t;
0;4042015;2;35;t;
0;6042015;2;39;t;
0;7042015;2;35;t;
0;8042015;2;39;t;
0;9042015;2;35;t;
0;25012014;2;32;t;
0;1072014;2;30;t;
0;10072014;2;6;t;
0;2072014;2;8;t;
0;3072014;2;0;t;
0;9072014;2;30;t;
0;8072014;2;36;t;
0;4072014;2;30;t;
0;5072014;2;30;t;
0;7072014;2;42;t;
0;2102014;2;2;t;
0;15012014;2;2;t;
0;1102014;2;35;t;
0;30092014;2;35;t;
0;29092014;2;41;t;
0;16012014;2;2;t;
0;27092014;2;39;t;
0;17012014;2;2;t;
0;18012014;2;2;t;
0;26092014;2;35;t;
0;25092014;2;35;t;
0;20012014;2;0;t;
0;24092014;2;41;t;
0;23092014;2;37;t;
0;21012014;2;2;t;
0;22092014;2;0;t;
0;22012014;2;2;t;
0;23012014;2;30;t;
0;20092014;2;37;t;
0;24012014;2;30;t;
0;19092014;2;35;t;
0;18092014;2;37;t;
0;27012014;2;30;t;
0;28012014;2;0;t;
0;29012014;2;30;t;
0;30012014;2;30;t;
0;17092014;2;37;t;
0;31012014;2;2;t;
0;1022014;2;40;t;
0;3022014;2;2;t;
0;15092014;2;0;t;
0;4022014;2;2;t;
0;13092014;2;35;t;
0;5022014;2;30;t;
0;6022014;2;30;t;
0;12092014;2;6;t;
0;7022014;2;34;t;
0;8022014;2;30;t;
0;11092014;2;41;t;
0;10022014;2;32;t;
0;10092014;2;2;t;
0;11022014;2;32;t;
0;9092014;2;38;t;
0;12022014;2;32;t;
0;13022014;2;30;t;
0;8092014;2;0;t;
0;14022014;2;30;t;
0;6092014;2;37;t;
0;15022014;2;2;t;
0;5092014;2;39;t;
0;17022014;2;30;t;
0;4092014;2;35;t;
0;18022014;2;33;t;
0;3092014;2;35;t;
0;19022014;2;2;t;
0;20022014;2;8;t;
0;2092014;2;35;t;
0;21022014;2;33;t;
0;22022014;2;33;t;
0;24022014;2;2;t;
0;1092014;2;43;t;
0;26022014;2;0;t;
0;27022014;2;30;t;
0;30082014;2;2;t;
0;28022014;2;30;t;
0;11012014;2;30;t;
0;1032014;2;32;t;
0;29082014;2;35;t;
0;3032014;2;33;t;
0;28082014;2;35;t;
0;4032014;2;20;t;
0;27082014;2;35;t;
0;26082014;2;38;t;
0;5032014;2;30;t;
0;6032014;2;33;t;
0;25082014;2;35;t;
0;7032014;2;30;t;
0;23082014;2;39;t;
0;8032014;2;30;t;
0;22082014;2;41;t;
0;21082014;2;2;t;
0;10032014;2;0;t;
0;11032014;2;32;t;
0;20082014;2;35;t;
0;12032014;2;42;t;
0;13032014;2;30;t;
0;14032014;2;30;t;
0;19082014;2;35;t;
0;15032014;2;2;t;
0;18082014;2;2;t;
0;17032014;2;2;t;
0;16082014;2;35;t;
0;18032014;2;30;t;
0;19032014;2;46;t;
0;15082014;2;35;t;
0;20032014;2;30;t;
0;21032014;2;2;t;
0;22032014;2;2;t;
0;14082014;2;0;t;
0;24032014;2;0;t;
0;13082014;2;37;t;
0;25032014;2;30;t;
0;26032014;2;30;t;
0;2042014;2;30;t;
0;3042014;2;30;t;
0;12082014;2;35;t;
0;4042014;2;32;t;
0;11082014;2;43;t;
0;5042014;2;30;t;
0;9082014;2;35;t;
0;7042014;2;30;t;
0;8082014;2;2;t;
0;8042014;2;30;t;
0;7082014;2;0;t;
0;9042014;2;0;t;
0;10042014;2;30;t;
0;11042014;2;42;t;
0;6082014;2;2;t;
0;12042014;2;34;t;
0;5082014;2;2;t;
0;10012014;2;30;t;
0;4082014;2;43;t;
0;14042014;2;32;t;
0;15042014;2;30;t;
0;2082014;2;41;t;
0;16042014;2;0;t;
0;17042014;2;30;t;
0;3102014;2;37;t;
0;19042014;2;30;t;
0;1082014;2;30;t;
0;22042014;2;0;t;
0;23042014;2;2;t;
0;24042014;2;0;t;
0;31072014;2;30;t;
0;25042014;2;2;t;
0;30072014;2;30;t;
0;26042014;2;32;t;
0;28042014;2;36;t;
0;29042014;2;32;t;
0;30042014;2;6;t;
0;2052014;2;34;t;
0;29072014;2;6;t;
0;3052014;2;30;t;
0;28072014;2;2;t;
0;5052014;2;2;t;
0;6052014;2;2;t;
0;7052014;2;0;t;
0;26072014;2;32;t;
0;8052014;2;2;t;
0;9052014;2;34;t;
0;13012014;2;32;t;
0;25072014;2;30;t;
0;10052014;2;40;t;
0;13052014;2;30;t;
0;14052014;2;32;t;
0;15052014;2;38;t;
0;24072014;2;30;t;
0;16052014;2;0;t;
0;17052014;2;30;t;
0;23072014;2;32;t;
0;19052014;2;30;t;
0;20052014;2;30;t;
0;21052014;2;30;t;
0;22072014;2;30;t;
0;22052014;2;30;t;
0;23052014;2;6;t;
0;24052014;2;30;t;
0;21072014;2;30;t;
0;27052014;2;8;t;
0;14022015;2;0;t;
0;29052014;2;0;t;
0;30052014;2;34;t;
0;19072014;2;30;t;
0;31052014;2;8;t;
0;2062014;2;36;t;
0;18072014;2;30;t;
0;3062014;2;40;t;
0;4062014;2;38;t;
0;5062014;2;30;t;
0;17072014;2;32;t;
0;6062014;2;30;t;
0;7062014;2;30;t;
0;16072014;2;0;t;
0;15072014;2;36;t;
0;9062014;2;38;t;
0;10062014;2;30;t;
0;11062014;2;0;t;
0;12062014;2;33;t;
0;13062014;2;30;t;
0;14012014;2;30;t;
0;14062014;2;38;t;
0;14072014;2;30;t;
0;16062014;2;30;t;
0;17062014;2;30;t;
0;18062014;2;30;t;
0;20062014;2;30;t;
0;12072014;2;32;t;
0;21062014;2;38;t;
0;23062014;2;42;t;
0;24062014;2;0;t;
0;11072014;2;30;t;
0;25062014;2;33;t;
0;26062014;2;30;t;
0;27062014;2;32;t;
0;28062014;2;32;t;
0;30062014;2;30;t;
0;4102014;2;10;t;
0;23102014;2;37;t;
0;8102014;2;2;t;
0;6102014;2;2;t;
0;25102014;2;35;t;
0;27102014;2;2;t;
0;7102014;2;57;t;
0;28102014;2;37;t;
0;9102014;2;41;t;
0;11102014;2;41;t;
0;29102014;2;2;t;
0;22102014;2;39;t;
0;21102014;2;35;t;
0;30102014;2;35;t;
0;10102014;2;2;t;
0;20102014;2;35;t;
0;13102014;2;35;t;
0;31102014;2;0;t;
0;1112014;2;40;t;
0;14102014;2;35;t;
0;15102014;2;0;t;
0;3112014;2;0;t;
0;16102014;2;35;t;
0;24102014;2;35;t;
0;18102014;2;37;t;
0;17102014;2;37;t;
0;4112014;2;35;t;
0;5112014;2;37;t;
0;6112014;2;37;t;
0;7112014;2;35;t;
0;8112014;2;37;t;
0;10112014;2;35;t;
0;11112014;2;35;t;
0;12112014;2;43;t;
0;13112014;2;6;t;
0;14112014;2;35;t;
0;17112014;2;0;t;
0;18112014;2;44;t;
0;19112014;2;0;t;
0;20112014;2;35;t;
0;21112014;2;2;t;
0;22112014;2;39;t;
0;24112014;2;35;t;
0;25112014;2;35;t;
0;26112014;2;0;t;
0;27112014;2;35;t;
0;28112014;2;41;t;
0;29112014;2;35;t;
0;1122014;2;35;t;
0;2122014;2;37;t;
0;3122014;2;2;t;
0;4122014;2;35;t;
0;5122014;2;35;t;
0;6122014;2;35;t;
0;8122014;2;35;t;
0;9122014;2;37;t;
0;10122014;2;0;t;
0;11122014;2;35;t;
0;12122014;2;2;t;
0;13122014;2;37;t;
0;15122014;2;0;t;
0;17122014;2;35;t;
0;18122014;2;2;t;
0;19122014;2;0;t;
0;20122014;2;0;t;
0;5012015;2;43;t;
0;6012015;2;35;t;
0;7012015;2;2;t;
0;8012015;2;35;t;
0;9012015;2;35;t;
0;10012015;2;38;t;
0;12012015;2;35;t;
0;13012015;2;0;t;
0;14012015;2;35;t;
0;15012015;2;0;t;
0;16012015;2;2;t;
0;17012015;2;35;t;
0;19012015;2;35;t;
0;20012015;2;35;t;
0;21012015;2;9;t;
0;22012015;2;37;t;
0;23012015;2;2;t;
0;24012015;2;35;t;
0;26012015;2;0;t;
0;27012015;2;35;t;
0;28012015;2;41;t;
0;29012015;2;2;t;
0;30012015;2;0;t;
0;31012015;2;35;t;
0;2022015;2;35;t;
0;3022015;2;0;t;
0;4022015;2;35;t;
0;5022015;2;35;t;
0;6022015;2;5;t;
0;7022015;2;37;t;
0;9022015;2;35;t;
0;11022015;2;2;t;
0;12022015;2;41;t;
0;13022015;2;35;t;
0;17102014;3;45;t;
0;10072014;3;30;t;
0;3112014;3;40;t;
0;8052014;3;32;t;
0;17032015;3;35;t;
0;4112014;3;35;t;
0;24022014;3;0;t;
0;24062014;3;20;t;
0;9052014;3;32;t;
0;25072014;3;2;t;
0;30012014;3;30;t;
0;21032014;3;30;t;
0;10052014;3;4;t;
0;13012014;3;30;t;
0;8092014;3;38;t;
0;20032014;3;2;t;
0;23012014;3;32;t;
0;16062014;3;0;t;
0;28062014;3;2;t;
0;15082014;3;39;t;
0;16012014;3;30;t;
0;9062014;3;30;t;
0;18032014;3;38;t;
0;30062014;3;32;t;
0;13022014;3;30;t;
0;24072014;3;30;t;
0;14052014;3;30;t;
0;29092014;3;43;t;
0;15052014;3;33;t;
0;17032014;3;34;t;
0;16082014;3;2;t;
0;16052014;3;30;t;
0;25062014;3;46;t;
0;17052014;3;0;t;
0;20092014;3;35;t;
0;23072014;3;30;t;
0;18082014;3;38;t;
0;15032014;3;40;t;
0;22022014;3;32;t;
0;19052014;3;2;t;
0;10012014;3;30;t;
0;14072014;3;36;t;
0;22072014;3;30;t;
0;20052014;3;30;t;
0;14012014;3;30;t;
0;21052014;3;30;t;
0;19082014;3;35;t;
0;14022014;3;30;t;
0;14032014;3;40;t;
0;22052014;3;40;t;
0;23052014;3;30;t;
0;24052014;3;30;t;
0;27012014;3;30;t;
0;13032014;3;30;t;
0;24012014;3;32;t;
0;21072014;3;0;t;
0;30092014;3;35;t;
0;26062014;3;30;t;
0;1092014;3;41;t;
0;12032014;3;38;t;
0;27052014;3;20;t;
0;4092014;3;6;t;
0;20082014;3;2;t;
0;11032014;3;8;t;
0;28052014;3;36;t;
0;1102014;3;35;t;
0;10032014;3;39;t;
0;29052014;3;30;t;
0;6092014;3;35;t;
0;21082014;3;35;t;
0;30052014;3;32;t;
0;19072014;3;30;t;
0;31052014;3;30;t;
0;14062014;3;0;t;
0;22082014;3;47;t;
0;29012014;3;40;t;
0;8032014;3;30;t;
0;2072014;3;8;t;
0;15012014;3;30;t;
0;2062014;3;2;t;
0;17092014;3;4;t;
0;23082014;3;37;t;
0;15022014;3;30;t;
0;18072014;3;30;t;
0;2102014;3;10;t;
0;3062014;3;30;t;
0;4062014;3;16;t;
0;10062014;3;30;t;
0;7032014;3;30;t;
0;5062014;3;30;t;
0;21022014;3;10;t;
0;6032014;3;42;t;
0;17072014;3;8;t;
0;25082014;3;0;t;
0;6062014;3;30;t;
0;5032014;3;36;t;
0;19092014;3;35;t;
0;27062014;3;30;t;
0;25012014;3;30;t;
0;26082014;3;41;t;
0;27082014;3;35;t;
0;7062014;3;38;t;
0;5092014;3;37;t;
0;4032014;3;8;t;
0;13062014;3;30;t;
0;28082014;3;2;t;
0;15092014;3;41;t;
0;3022014;3;32;t;
0;18022014;3;30;t;
0;28012014;3;30;t;
0;3032014;3;0;t;
0;11012014;3;6;t;
0;13092014;3;0;t;
0;16072014;3;30;t;
0;4022014;3;30;t;
0;1022014;3;32;t;
0;5022014;3;0;t;
0;8072014;3;33;t;
0;2092014;3;35;t;
0;29082014;3;35;t;
0;1032014;3;2;t;
0;6022014;3;0;t;
0;12092014;3;35;t;
0;5072014;3;32;t;
0;4072014;3;30;t;
0;7022014;3;30;t;
0;4022015;3;35;t;
0;5112014;3;43;t;
0;11092014;3;35;t;
0;16012015;3;35;t;
0;6112014;3;35;t;
0;8022014;3;35;t;
0;16032015;3;35;t;
0;7112014;3;37;t;
0;17022014;3;32;t;
0;24022015;3;52;t;
0;8112014;3;0;t;
0;28022014;3;30;t;
0;17012015;3;35;t;
0;10112014;3;40;t;
0;30082014;3;37;t;
0;14032015;3;37;t;
0;11112014;3;38;t;
0;25092014;3;9;t;
0;17022015;3;38;t;
0;12112014;3;35;t;
0;4082014;3;6;t;
0;19012015;3;40;t;
0;13112014;3;35;t;
0;12042014;3;2;t;
0;13032015;3;35;t;
0;14112014;3;39;t;
0;5082014;3;43;t;
0;5022015;3;40;t;
0;17112014;3;0;t;
0;14042014;3;0;t;
0;20012015;3;35;t;
0;2082014;3;37;t;
0;12032015;3;41;t;
0;19112014;3;39;t;
0;12072014;3;32;t;
0;23022015;3;35;t;
0;20112014;3;38;t;
0;15042014;3;30;t;
0;21012015;3;35;t;
0;21112014;3;41;t;
0;11042014;3;40;t;
0;11032015;3;39;t;
0;22112014;3;37;t;
0;20012014;3;32;t;
0;13022015;3;2;t;
0;24112014;3;35;t;
0;16042014;3;39;t;
0;22012015;3;38;t;
0;25112014;3;37;t;
0;27022014;3;32;t;
0;10032015;3;35;t;
0;26112014;3;9;t;
0;6082014;3;44;t;
0;6022015;3;35;t;
0;27112014;3;35;t;
0;10042014;3;32;t;
0;23012015;3;39;t;
0;28112014;3;35;t;
0;20022014;3;32;t;
0;9032015;3;2;t;
0;29112014;3;35;t;
0;10092014;3;44;t;
0;21022015;3;44;t;
0;1122014;3;0;t;
0;3102014;3;35;t;
0;24012015;3;35;t;
0;2122014;3;35;t;
0;3072014;3;30;t;
0;7032015;3;35;t;
0;3122014;3;9;t;
0;9042014;3;30;t;
0;12022015;3;40;t;
0;4122014;3;35;t;
0;24092014;3;2;t;
0;26012015;3;37;t;
0;5122014;3;41;t;
0;8042014;3;30;t;
0;6032015;3;37;t;
0;6122014;3;37;t;
0;20062014;3;36;t;
0;7022015;3;35;t;
0;8122014;3;39;t;
0;15072014;3;30;t;
0;5032015;3;2;t;
0;9122014;3;37;t;
0;7082014;3;35;t;
0;20022015;3;35;t;
0;10122014;3;35;t;
0;17042014;3;30;t;
0;28012015;3;35;t;
0;11122014;3;37;t;
0;10022014;3;0;t;
0;3032015;3;35;t;
0;12122014;3;41;t;
0;21062014;3;32;t;
0;16022015;3;38;t;
0;13122014;3;4;t;
0;19042014;3;33;t;
0;29012015;3;35;t;
0;15122014;3;35;t;
0;7042014;3;40;t;
0;24042014;3;30;t;
0;2032015;3;40;t;
0;17122014;3;38;t;
0;25042014;3;30;t;
0;9042015;3;35;t;
0;9022015;3;37;t;
0;18122014;3;35;t;
0;8042015;3;37;t;
0;30012015;3;35;t;
0;19122014;3;35;t;
0;7042015;3;35;t;
0;28022015;3;4;t;
0;20122014;3;35;t;
0;6042015;3;40;t;
0;19022015;3;35;t;
0;5012015;3;35;t;
0;4042015;3;37;t;
0;3042014;3;30;t;
0;12082014;3;35;t;
0;2052014;3;30;t;
0;22092014;3;0;t;
0;17012014;3;8;t;
0;31012014;3;30;t;
0;30042014;3;30;t;
0;4042014;3;36;t;
0;18092014;3;30;t;
0;29042014;3;32;t;
0;28042014;3;30;t;
0;26042014;3;16;t;
0;30072014;3;30;t;
0;11062014;3;30;t;
0;11082014;3;35;t;
0;21012014;3;30;t;
0;31072014;3;30;t;
0;26022014;3;38;t;
0;5042014;3;2;t;
0;23042014;3;30;t;
0;9082014;3;30;t;
0;26092014;3;35;t;
0;22042014;3;32;t;
0;18012014;3;30;t;
0;3092014;3;37;t;
0;1082014;3;30;t;
0;8082014;3;35;t;
0;31012015;3;37;t;
0;4102014;3;35;t;
0;6012015;3;39;t;
0;24102014;3;35;t;
0;9092014;3;38;t;
0;8102014;3;35;t;
0;27032015;3;44;t;
0;2042014;3;0;t;
0;27022015;3;37;t;
0;6102014;3;37;t;
0;11022014;3;48;t;
0;29072014;3;36;t;
0;26032014;3;30;t;
0;7012015;3;38;t;
0;25102014;3;2;t;
0;18062014;3;36;t;
0;26032015;3;9;t;
0;28072014;3;62;t;
0;18022015;3;38;t;
0;7102014;3;35;t;
0;23102014;3;18;t;
0;27102014;3;35;t;
0;11072014;3;30;t;
0;8012015;3;35;t;
0;25032015;3;0;t;
0;22102014;3;0;t;
0;9072014;3;30;t;
0;2022015;3;44;t;
0;11102014;3;2;t;
0;3052014;3;8;t;
0;25032014;3;12;t;
0;9012015;3;35;t;
0;29102014;3;37;t;
0;22012014;3;38;t;
0;27092014;3;35;t;
0;24032015;3;35;t;
0;1072014;3;32;t;
0;26022015;3;37;t;
0;5052014;3;0;t;
0;10012015;3;35;t;
0;23032015;3;38;t;
0;20102014;3;41;t;
0;14022015;3;35;t;
0;24032014;3;34;t;
0;30102014;3;37;t;
0;13082014;3;37;t;
0;12022014;3;34;t;
0;12012015;3;44;t;
0;13102014;3;43;t;
0;23062014;3;36;t;
0;21032015;3;35;t;
0;31102014;3;35;t;
0;10102014;3;35;t;
0;14082014;3;35;t;
0;3022015;3;37;t;
0;26072014;3;38;t;
0;13012015;3;35;t;
0;6052014;3;30;t;
0;20032015;3;35;t;
0;18102014;3;35;t;
0;15102014;3;39;t;
0;9102014;3;9;t;
0;1112014;3;2;t;
0;7052014;3;32;t;
0;25022015;3;35;t;
0;19022014;3;46;t;
0;14012015;3;0;t;
0;16102014;3;35;t;
0;19032015;3;37;t;
0;11022015;3;35;t;
0;22032014;3;32;t;
0;15012015;3;37;t;
0;17122014;4;35;t;
0;9102014;4;38;t;
0;10102014;4;35;t;
0;4102014;4;35;t;
0;6102014;4;44;t;
0;7102014;4;37;t;
0;22102014;4;35;t;
0;11102014;4;35;t;
0;20102014;4;40;t;
0;13102014;4;35;t;
0;18102014;4;35;t;
0;15102014;4;38;t;
0;16102014;4;37;t;
0;17102014;4;35;t;
0;30082014;4;8;t;
0;1102014;4;35;t;
0;23042014;4;30;t;
0;29052014;4;30;t;
0;22012014;4;30;t;
0;5042014;4;14;t;
0;26022014;4;30;t;
0;2052014;4;30;t;
0;9082014;4;0;t;
0;26092014;4;37;t;
0;31072014;4;32;t;
0;16062014;4;34;t;
0;10032014;4;33;t;
0;22042014;4;30;t;
0;2072014;4;30;t;
0;6092014;4;35;t;
0;18012014;4;34;t;
0;21062014;4;38;t;
0;4092014;4;43;t;
0;8082014;4;35;t;
0;14022014;4;40;t;
0;28052014;4;16;t;
0;1082014;4;30;t;
0;10022014;4;30;t;
0;20032014;4;30;t;
0;19042014;4;0;t;
0;7042014;4;0;t;
0;26062014;4;30;t;
0;3052014;4;2;t;
0;17042014;4;38;t;
0;11032014;4;46;t;
0;7082014;4;35;t;
0;20082014;4;35;t;
0;24072014;4;30;t;
0;14072014;4;34;t;
0;16012014;4;30;t;
0;30092014;4;35;t;
0;27052014;4;32;t;
0;24092014;4;35;t;
0;20062014;4;33;t;
0;1092014;4;0;t;
0;9042014;4;32;t;
0;31012014;4;0;t;
0;12082014;4;35;t;
0;25092014;4;9;t;
0;10052014;4;2;t;
0;16042014;4;32;t;
0;18092014;4;18;t;
0;12032014;4;32;t;
0;25032014;4;30;t;
0;24062014;4;32;t;
0;6082014;4;0;t;
0;10042014;4;38;t;
0;9052014;4;30;t;
0;4072014;4;37;t;
0;21072014;4;30;t;
0;24012014;4;40;t;
0;3072014;4;32;t;
0;8092014;4;41;t;
0;11042014;4;42;t;
0;27022014;4;2;t;
0;24052014;4;0;t;
0;21032014;4;30;t;
0;19082014;4;35;t;
0;2082014;4;37;t;
0;14042014;4;36;t;
0;13032014;4;30;t;
0;12072014;4;30;t;
0;5082014;4;35;t;
0;11082014;4;38;t;
0;10012014;4;30;t;
0;14012014;4;16;t;
0;4042014;4;46;t;
0;15012014;4;30;t;
0;12042014;4;33;t;
0;23052014;4;30;t;
0;4082014;4;35;t;
0;20022014;4;32;t;
0;10092014;4;35;t;
0;8022014;4;36;t;
0;24042014;4;10;t;
0;11062014;4;30;t;
0;15072014;4;30;t;
0;3092014;4;39;t;
0;17022014;4;32;t;
0;22052014;4;40;t;
0;28022014;4;0;t;
0;30072014;4;30;t;
0;25072014;4;30;t;
0;14032014;4;33;t;
0;11092014;4;35;t;
0;7022014;4;18;t;
0;3042014;4;10;t;
0;8052014;4;2;t;
0;27062014;4;12;t;
0;6022014;4;32;t;
0;21052014;4;30;t;
0;11072014;4;30;t;
0;20052014;4;32;t;
0;2092014;4;43;t;
0;29082014;4;35;t;
0;24022014;4;30;t;
0;30042014;4;110;t;
0;1032014;4;32;t;
0;26032014;4;33;t;
0;12092014;4;35;t;
0;5022014;4;2;t;
0;22032014;4;0;t;
0;11022014;4;8;t;
0;19052014;4;33;t;
0;1022014;4;38;t;
0;7052014;4;38;t;
0;25062014;4;38;t;
0;25042014;4;30;t;
0;18082014;4;41;t;
0;13092014;4;43;t;
0;3022014;4;30;t;
0;23062014;4;30;t;
0;6052014;4;50;t;
0;3032014;4;33;t;
0;15032014;4;32;t;
0;22022014;4;30;t;
0;28082014;4;2;t;
0;29072014;4;8;t;
0;23072014;4;30;t;
0;13012014;4;0;t;
0;15092014;4;43;t;
0;13062014;4;30;t;
0;17052014;4;30;t;
0;4032014;4;30;t;
0;28012014;4;30;t;
0;3102014;4;35;t;
0;7062014;4;30;t;
0;10072014;4;2;t;
0;26042014;4;39;t;
0;27012014;4;30;t;
0;25012014;4;30;t;
0;26082014;4;0;t;
0;12022014;4;30;t;
0;16072014;4;30;t;
0;14082014;4;35;t;
0;16052014;4;1;t;
0;18062014;4;30;t;
0;5072014;4;30;t;
0;10062014;4;30;t;
0;19092014;4;37;t;
0;6062014;4;30;t;
0;17092014;4;35;t;
0;25082014;4;35;t;
0;16082014;4;35;t;
0;17012014;4;30;t;
0;20092014;4;35;t;
0;30062014;4;30;t;
0;26072014;4;38;t;
0;6032014;4;33;t;
0;21022014;4;32;t;
0;5062014;4;32;t;
0;17032014;4;30;t;
0;17072014;4;33;t;
0;9062014;4;0;t;
0;7032014;4;30;t;
0;29092014;4;0;t;
0;4062014;4;30;t;
0;9072014;4;16;t;
0;3062014;4;33;t;
0;29012014;4;0;t;
0;2102014;4;35;t;
0;15052014;4;30;t;
0;2042014;4;30;t;
0;15022014;4;2;t;
0;13082014;4;40;t;
0;23082014;4;35;t;
0;2062014;4;30;t;
0;22092014;4;37;t;
0;8072014;4;30;t;
0;5052014;4;32;t;
0;13022014;4;0;t;
0;28062014;4;30;t;
0;21012014;4;38;t;
0;24032014;4;2;t;
0;8032014;4;2;t;
0;18072014;4;32;t;
0;31052014;4;33;t;
0;5092014;4;37;t;
0;18032014;4;30;t;
0;22082014;4;35;t;
0;30012014;4;30;t;
0;15082014;4;35;t;
0;9092014;4;35;t;
0;29042014;4;30;t;
0;19072014;4;30;t;
0;30052014;4;30;t;
0;23012014;4;30;t;
0;11012014;4;30;t;
0;21082014;4;35;t;
0;27092014;4;37;t;
0;14062014;4;30;t;
0;9042015;4;37;t;
0;8042015;4;35;t;
0;7042015;4;35;t;
0;6042015;4;35;t;
0;4042015;4;35;t;
0;27032015;4;0;t;
0;26032015;4;0;t;
0;25032015;4;0;t;
0;23032015;4;42;t;
0;21032015;4;35;t;
0;20032015;4;37;t;
0;19032015;4;35;t;
0;17032015;4;2;t;
0;16032015;4;35;t;
0;14032015;4;37;t;
0;13032015;4;35;t;
0;12032015;4;35;t;
0;11032015;4;38;t;
0;10032015;4;35;t;
0;9032015;4;35;t;
0;7032015;4;37;t;
0;6032015;4;9;t;
0;5032015;4;38;t;
0;3032015;4;40;t;
0;2032015;4;41;t;
0;28022015;4;37;t;
0;27022015;4;15;t;
0;26022015;4;39;t;
0;25022015;4;35;t;
0;24022015;4;39;t;
0;23022015;4;39;t;
0;21022015;4;47;t;
0;20022015;4;35;t;
0;19022015;4;39;t;
0;18022015;4;41;t;
0;14022015;4;37;t;
0;13022015;4;35;t;
0;12022015;4;9;t;
0;11022015;4;56;t;
0;9022015;4;35;t;
0;7022015;4;37;t;
0;6022015;4;53;t;
0;5022015;4;35;t;
0;4022015;4;35;t;
0;3022015;4;41;t;
0;2022015;4;35;t;
0;31012015;4;0;t;
0;30012015;4;41;t;
0;29012015;4;35;t;
0;26012015;4;41;t;
0;24012015;4;35;t;
0;23012015;4;35;t;
0;22012015;4;0;t;
0;21012015;4;35;t;
0;20012015;4;38;t;
0;19012015;4;50;t;
0;17012015;4;37;t;
0;16012015;4;40;t;
0;15012015;4;18;t;
0;14012015;4;46;t;
0;13012015;4;39;t;
0;12012015;4;35;t;
0;10012015;4;35;t;
0;9012015;4;41;t;
0;8012015;4;35;t;
0;7012015;4;39;t;
0;6012015;4;35;t;
0;5012015;4;9;t;
0;20122014;4;38;t;
0;19122014;4;35;t;
0;18122014;4;35;t;
0;15122014;4;9;t;
0;13122014;4;0;t;
0;12122014;4;35;t;
0;11122014;4;40;t;
0;10122014;4;35;t;
0;9122014;4;35;t;
0;8122014;4;39;t;
0;6122014;4;35;t;
0;5122014;4;35;t;
0;4122014;4;35;t;
0;1122014;4;44;t;
0;29112014;4;39;t;
0;28112014;4;37;t;
0;27112014;4;40;t;
0;26112014;4;35;t;
0;25112014;4;35;t;
0;24112014;4;45;t;
0;22112014;4;37;t;
0;21112014;4;37;t;
0;20112014;4;37;t;
0;19112014;4;18;t;
0;17112014;4;2;t;
0;14112014;4;35;t;
0;13112014;4;38;t;
0;12112014;4;35;t;
0;10112014;4;44;t;
0;8112014;4;35;t;
0;7112014;4;0;t;
0;6112014;4;40;t;
0;5112014;4;0;t;
0;4112014;4;35;t;
0;3112014;4;35;t;
0;1112014;4;38;t;
0;31102014;4;35;t;
0;30102014;4;18;t;
0;29102014;4;18;t;
0;27102014;4;35;t;
0;25102014;4;35;t;
0;8102014;4;53;t;
0;24102014;4;2;t;
0;13122014;5;37;t;
0;9102014;5;35;t;
0;7032014;5;30;t;
0;26042014;5;38;t;
0;7032015;5;35;t;
0;14012014;5;30;t;
0;30072014;5;36;t;
0;23042014;5;30;t;
0;26112014;5;35;t;
0;14112014;5;47;t;
0;15082014;5;35;t;
0;6032015;5;41;t;
0;12122014;5;44;t;
0;10072014;5;32;t;
0;25042014;5;30;t;
0;24042014;5;30;t;
0;5042014;5;32;t;
0;26092014;5;35;t;
0;14012015;5;55;t;
0;5032015;5;38;t;
0;7112014;5;35;t;
0;22032014;5;32;t;
0;23012014;5;48;t;
0;11122014;5;37;t;
0;14082014;5;24;t;
0;13082014;5;47;t;
0;3032015;5;41;t;
0;3102014;5;37;t;
0;22102014;5;35;t;
0;27112014;5;20;t;
0;19072014;5;12;t;
0;24032014;5;32;t;
0;2032015;5;0;t;
0;24022014;5;42;t;
0;25032014;5;30;t;
0;26032014;5;30;t;
0;7102014;5;9;t;
0;8082014;5;39;t;
0;23082014;5;35;t;
0;28112014;5;39;t;
0;28022015;5;39;t;
0;22022014;5;40;t;
0;30052014;5;30;t;
0;21012014;5;30;t;
0;2042014;5;16;t;
0;3072014;5;8;t;
0;10012014;5;32;t;
0;18062014;5;30;t;
0;27022015;5;35;t;
0;1092014;5;37;t;
0;4102014;5;38;t;
0;29112014;5;0;t;
0;26062014;5;33;t;
0;26022015;5;35;t;
0;6112014;5;37;t;
0;13012015;5;35;t;
0;5072014;5;32;t;
0;29052014;5;39;t;
0;7082014;5;35;t;
0;17112014;5;39;t;
0;28052014;5;36;t;
0;25022015;5;0;t;
0;27052014;5;34;t;
0;24112014;5;39;t;
0;5062014;5;8;t;
0;12012015;5;37;t;
0;28062014;5;32;t;
0;22082014;5;35;t;
0;31102014;5;37;t;
0;24022015;5;9;t;
0;21022014;5;46;t;
0;30062014;5;30;t;
0;24052014;5;0;t;
0;9072014;5;33;t;
0;27012014;5;32;t;
0;12082014;5;35;t;
0;3032014;5;34;t;
0;18012014;5;2;t;
0;9042014;5;30;t;
0;8032014;5;4;t;
0;9042015;5;35;t;
0;21022015;5;4;t;
0;20022014;5;30;t;
0;28082014;5;35;t;
0;4062014;5;30;t;
0;8122014;5;44;t;
0;10012015;5;37;t;
0;14062014;5;32;t;
0;8042015;5;35;t;
0;20022015;5;35;t;
0;8102014;5;35;t;
0;1032014;5;30;t;
0;20092014;5;4;t;
0;21072014;5;8;t;
0;4122014;5;37;t;
0;10032014;5;30;t;
0;13012014;5;40;t;
0;19022015;5;35;t;
0;10062014;5;32;t;
0;7042015;5;35;t;
0;29082014;5;35;t;
0;23052014;5;0;t;
0;6082014;5;32;t;
0;20082014;5;35;t;
0;9122014;5;35;t;
0;18022015;5;35;t;
0;2092014;5;43;t;
0;18032014;5;33;t;
0;6042015;5;0;t;
0;28022014;5;44;t;
0;17012015;5;0;t;
0;9012015;5;35;t;
0;18102014;5;0;t;
0;3042014;5;33;t;
0;25012014;5;16;t;
0;15012014;5;30;t;
0;24092014;5;0;t;
0;19112014;5;37;t;
0;4042015;5;6;t;
0;14022015;5;35;t;
0;17092014;5;35;t;
0;6102014;5;35;t;
0;22052014;5;0;t;
0;21052014;5;30;t;
0;11032014;5;30;t;
0;8012015;5;50;t;
0;13022015;5;41;t;
0;16012015;5;41;t;
0;27032015;5;0;t;
0;20052014;5;30;t;
0;19052014;5;30;t;
0;4112014;5;35;t;
0;25062014;5;30;t;
0;19042014;5;30;t;
0;12112014;5;0;t;
0;20062014;5;30;t;
0;24012014;5;30;t;
0;20032014;5;41;t;
0;11022015;5;43;t;
0;26032015;5;44;t;
0;10112014;5;41;t;
0;13102014;5;35;t;
0;7012015;5;35;t;
0;16062014;5;30;t;
0;23072014;5;30;t;
0;9022015;5;39;t;
0;5122014;5;35;t;
0;17052014;5;32;t;
0;25032015;5;38;t;
0;2102014;5;0;t;
0;6012015;5;37;t;
0;12032014;5;33;t;
0;17072014;5;30;t;
0;7022015;5;43;t;
0;10102014;5;35;t;
0;16052014;5;30;t;
0;29092014;5;38;t;
0;15052014;5;34;t;
0;10042014;5;30;t;
0;20112014;5;0;t;
0;1082014;5;33;t;
0;6022015;5;44;t;
0;23032015;5;35;t;
0;11062014;5;16;t;
0;25112014;5;35;t;
0;3062014;5;30;t;
0;11042014;5;30;t;
0;5012015;5;37;t;
0;4042014;5;38;t;
0;4032014;5;30;t;
0;30102014;5;41;t;
0;21032015;5;35;t;
0;18092014;5;37;t;
0;24072014;5;30;t;
0;16012014;5;16;t;
0;3022015;5;35;t;
0;10052014;5;30;t;
0;27102014;5;39;t;
0;13062014;5;46;t;
0;22042014;5;30;t;
0;2022015;5;37;t;
0;3112014;5;37;t;
0;20032015;5;35;t;
0;27022014;5;38;t;
0;21032014;5;32;t;
0;12042014;5;2;t;
0;13032014;5;32;t;
0;2062014;5;32;t;
0;31012015;5;2;t;
0;14032014;5;32;t;
0;20122014;5;38;t;
0;25082014;5;35;t;
0;6062014;5;38;t;
0;6122014;5;9;t;
0;18082014;5;0;t;
0;24102014;5;39;t;
0;30012015;5;0;t;
0;17102014;5;35;t;
0;19032015;5;38;t;
0;3092014;5;16;t;
0;4072014;5;36;t;
0;25102014;5;35;t;
0;1122014;5;2;t;
0;29012015;5;39;t;
0;21112014;5;35;t;
0;4092014;5;38;t;
0;17022014;5;0;t;
0;15022014;5;8;t;
0;5092014;5;15;t;
0;9062014;5;36;t;
0;14022014;5;46;t;
0;6092014;5;37;t;
0;13022014;5;30;t;
0;24062014;5;30;t;
0;26012015;5;38;t;
0;9052014;5;0;t;
0;29012014;5;32;t;
0;12022014;5;30;t;
0;8092014;5;53;t;
0;25072014;5;30;t;
0;11102014;5;44;t;
0;11012014;5;30;t;
0;24012015;5;37;t;
0;4082014;5;37;t;
0;30012014;5;30;t;
0;10022014;5;35;t;
0;27062014;5;4;t;
0;12072014;5;30;t;
0;15032014;5;4;t;
0;17032015;5;37;t;
0;23012015;5;35;t;
0;16082014;5;35;t;
0;8022014;5;34;t;
0;31012014;5;30;t;
0;7022014;5;30;t;
0;17032014;5;30;t;
0;13112014;5;25;t;
0;22012015;5;44;t;
0;15012015;5;43;t;
0;11092014;5;35;t;
0;6022014;5;32;t;
0;5022014;5;33;t;
0;19122014;5;35;t;
0;10122014;5;35;t;
0;21012015;5;40;t;
0;1112014;5;37;t;
0;12092014;5;0;t;
0;1022014;5;16;t;
0;13092014;5;2;t;
0;8052014;5;30;t;
0;16032015;5;45;t;
0;20012015;5;35;t;
0;2082014;5;40;t;
0;3022014;5;34;t;
0;7062014;5;30;t;
0;15092014;5;37;t;
0;2072014;5;30;t;
0;22112014;5;2;t;
0;7052014;5;34;t;
0;19012015;5;37;t;
0;15102014;5;9;t;
0;16072014;5;33;t;
0;16042014;5;30;t;
0;22012014;5;38;t;
0;11082014;5;35;t;
0;18072014;5;32;t;
0;18122014;5;35;t;
0;14032015;5;37;t;
0;8112014;5;2;t;
0;20102014;5;35;t;
0;6052014;5;30;t;
0;27092014;5;37;t;
0;22092014;5;47;t;
0;26072014;5;30;t;
0;5052014;5;36;t;
0;3052014;5;2;t;
0;12032015;5;40;t;
0;14072014;5;30;t;
0;2052014;5;16;t;
0;11072014;5;34;t;
0;29072014;5;30;t;
0;26022014;5;30;t;
0;31052014;5;32;t;
0;15122014;5;37;t;
0;31072014;5;30;t;
0;19092014;5;35;t;
0;30042014;5;30;t;
0;10032015;5;35;t;
0;30082014;5;37;t;
0;29042014;5;32;t;
0;17012014;5;30;t;
0;21062014;5;30;t;
0;6032014;5;32;t;
0;1102014;5;35;t;
0;9032015;5;6;t;
0;9082014;5;35;t;
0;17042014;5;32;t;
0;15092014;6;40;t;
0;22112014;6;8;t;
0;17012015;6;4;t;
0;13102014;6;35;t;
0;8122014;6;40;t;
0;16012015;6;40;t;
0;14012015;6;38;t;
0;31102014;6;37;t;
0;12012015;6;41;t;
0;24112014;6;37;t;
0;10012015;6;40;t;
0;4102014;6;38;t;
0;9012015;6;35;t;
0;18102014;6;35;t;
0;7012015;6;35;t;
0;30102014;6;35;t;
0;5012015;6;43;t;
0;20122014;6;6;t;
0;19122014;6;35;t;
0;10122014;6;9;t;
0;18122014;6;41;t;
0;15122014;6;40;t;
0;22102014;6;35;t;
0;13122014;6;37;t;
0;12122014;6;35;t;
0;26112014;6;35;t;
0;11102014;6;2;t;
0;11122014;6;35;t;
0;27112014;6;41;t;
0;28112014;6;18;t;
0;25012014;6;30;t;
0;4032014;6;30;t;
0;13062014;6;38;t;
0;11012014;6;38;t;
0;16072014;6;30;t;
0;27022014;6;30;t;
0;24022014;6;34;t;
0;6062014;6;33;t;
0;25082014;6;0;t;
0;9082014;6;8;t;
0;15022014;6;30;t;
0;2092014;6;39;t;
0;9072014;6;33;t;
0;9042015;6;0;t;
0;5062014;6;30;t;
0;21022014;6;35;t;
0;19092014;6;44;t;
0;24092014;6;37;t;
0;26042014;6;38;t;
0;5072014;6;30;t;
0;4062014;6;33;t;
0;7032014;6;33;t;
0;9062014;6;30;t;
0;17072014;6;32;t;
0;26072014;6;33;t;
0;3062014;6;30;t;
0;4042015;6;37;t;
0;5052014;6;33;t;
0;23082014;6;35;t;
0;4072014;6;36;t;
0;27032015;6;37;t;
0;10112014;6;37;t;
0;2062014;6;36;t;
0;2102014;6;37;t;
0;2082014;6;35;t;
0;26032015;6;35;t;
0;24032014;6;30;t;
0;3092014;6;0;t;
0;18072014;6;30;t;
0;12112014;6;37;t;
0;25032015;6;38;t;
0;24102014;6;24;t;
0;3072014;6;40;t;
0;10012014;6;16;t;
0;31052014;6;0;t;
0;5092014;6;41;t;
0;22082014;6;25;t;
0;1102014;6;35;t;
0;8032014;6;32;t;
0;26062014;6;2;t;
0;28062014;6;30;t;
0;21032015;6;45;t;
0;11042014;6;10;t;
0;19072014;6;32;t;
0;3052014;6;38;t;
0;20032015;6;0;t;
0;30052014;6;25;t;
0;18012014;6;36;t;
0;11082014;6;35;t;
0;19032015;6;37;t;
0;20062014;6;30;t;
0;10042014;6;38;t;
0;10022014;6;35;t;
0;29052014;6;30;t;
0;20082014;6;35;t;
0;28052014;6;30;t;
0;10032014;6;32;t;
0;24012014;6;30;t;
0;16032015;6;35;t;
0;8112014;6;43;t;
0;14062014;6;30;t;
0;11032014;6;36;t;
0;16042014;6;30;t;
0;13112014;6;18;t;
0;14032015;6;35;t;
0;10072014;6;42;t;
0;27052014;6;34;t;
0;12032014;6;46;t;
0;21062014;6;30;t;
0;9042014;6;25;t;
0;13012014;6;0;t;
0;6082014;6;0;t;
0;24042014;6;38;t;
0;24052014;6;46;t;
0;7082014;6;14;t;
0;13032014;6;38;t;
0;14022014;6;40;t;
0;10032015;6;35;t;
0;17042014;6;8;t;
0;23052014;6;33;t;
0;26032014;6;56;t;
0;9032015;6;40;t;
0;14012014;6;38;t;
0;1092014;6;37;t;
0;22052014;6;2;t;
0;7032015;6;37;t;
0;6102014;6;38;t;
0;14072014;6;30;t;
0;21072014;6;30;t;
0;15012014;6;40;t;
0;6032015;6;53;t;
0;7112014;6;37;t;
0;26092014;6;35;t;
0;21052014;6;2;t;
0;22022014;6;32;t;
0;14112014;6;37;t;
0;5032015;6;45;t;
0;14032014;6;46;t;
0;2052014;6;45;t;
0;25062014;6;30;t;
0;26022014;6;33;t;
0;23012014;6;30;t;
0;19042014;6;36;t;
0;19052014;6;32;t;
0;30012014;6;30;t;
0;2032015;6;50;t;
0;12082014;6;35;t;
0;18082014;6;35;t;
0;15032014;6;30;t;
0;28022015;6;40;t;
0;18062014;6;16;t;
0;6092014;6;35;t;
0;17052014;6;0;t;
0;27022015;6;2;t;
0;13022014;6;32;t;
0;1082014;6;30;t;
0;23072014;6;8;t;
0;4092014;6;8;t;
0;30072014;6;30;t;
0;29092014;6;43;t;
0;25022015;6;41;t;
0;17112014;6;37;t;
0;8092014;6;35;t;
0;12072014;6;30;t;
0;29072014;6;33;t;
0;24022015;6;38;t;
0;30042014;6;30;t;
0;16052014;6;30;t;
0;16082014;6;37;t;
0;8082014;6;35;t;
0;15052014;6;38;t;
0;22092014;6;38;t;
0;21022015;6;0;t;
0;17032014;6;39;t;
0;22042014;6;32;t;
0;15082014;6;0;t;
0;27102014;6;38;t;
0;20022015;6;2;t;
0;3042014;6;38;t;
0;18032014;6;30;t;
0;20092014;6;37;t;
0;19022015;6;50;t;
0;27012014;6;46;t;
0;30082014;6;37;t;
0;24072014;6;30;t;
0;18022015;6;9;t;
0;11072014;6;30;t;
0;20032014;6;36;t;
0;10052014;6;32;t;
0;24062014;6;30;t;
0;16012014;6;30;t;
0;3102014;6;35;t;
0;5042014;6;4;t;
0;17022014;6;46;t;
0;9052014;6;32;t;
0;14022015;6;3;t;
0;22012014;6;32;t;
0;21032014;6;0;t;
0;4042014;6;34;t;
0;13022015;6;35;t;
0;4112014;6;35;t;
0;23042014;6;30;t;
0;27062014;6;33;t;
0;25072014;6;40;t;
0;8052014;6;30;t;
0;17012014;6;2;t;
0;7022014;6;34;t;
0;11022015;6;35;t;
0;8102014;6;35;t;
0;25042014;6;30;t;
0;6022014;6;36;t;
0;10062014;6;32;t;
0;11092014;6;37;t;
0;9022015;6;35;t;
0;28022014;6;52;t;
0;31012014;6;42;t;
0;29082014;6;35;t;
0;5122014;6;35;t;
0;7022015;6;35;t;
0;20022014;6;38;t;
0;1032014;6;38;t;
0;5022014;6;35;t;
0;6022015;6;38;t;
0;17102014;6;35;t;
0;7052014;6;16;t;
0;12022014;6;0;t;
0;12092014;6;35;t;
0;22032014;6;32;t;
0;8022014;6;0;t;
0;28082014;6;35;t;
0;20112014;6;13;t;
0;12042014;6;0;t;
0;18092014;6;0;t;
0;13092014;6;35;t;
0;3022015;6;37;t;
0;3112014;6;0;t;
0;1022014;6;38;t;
0;14082014;6;8;t;
0;4082014;6;35;t;
0;27092014;6;40;t;
0;3022014;6;30;t;
0;17092014;6;35;t;
0;31012015;6;41;t;
0;7062014;6;2;t;
0;3032014;6;2;t;
0;30012015;6;35;t;
0;25032014;6;32;t;
0;29012015;6;37;t;
0;26012015;6;2;t;
0;15102014;6;38;t;
0;6122014;6;37;t;
0;21112014;6;43;t;
0;24012015;6;0;t;
0;23012015;6;35;t;
0;22012015;6;37;t;
0;1112014;6;35;t;
0;29112014;6;0;t;
0;21012015;6;50;t;
0;25102014;6;35;t;
0;20012015;6;39;t;
0;7102014;6;35;t;
0;19012015;6;37;t;
0;10012014;7;33;t;
0;2052014;7;46;t;
0;27092014;7;0;t;
0;22022014;7;32;t;
0;11042014;7;0;t;
0;27022014;7;32;t;
0;31012014;7;30;t;
0;5022014;7;32;t;
0;7082014;7;38;t;
0;4092014;7;35;t;
0;1032014;7;30;t;
0;25012014;7;38;t;
0;12022014;7;36;t;
0;19092014;7;41;t;
0;2082014;7;40;t;
0;26062014;7;30;t;
0;12092014;7;39;t;
0;5092014;7;0;t;
0;26072014;7;36;t;
0;28082014;7;16;t;
0;7062014;7;32;t;
0;27052014;7;33;t;
0;22032014;7;4;t;
0;8032014;7;0;t;
0;4082014;7;35;t;
0;18082014;7;35;t;
0;14072014;7;34;t;
0;13022014;7;30;t;
0;29092014;7;41;t;
0;1092014;7;35;t;
0;11032014;7;30;t;
0;15032014;7;32;t;
0;3022014;7;2;t;
0;14062014;7;3;t;
0;19042014;7;2;t;
0;17022014;7;35;t;
0;26042014;7;33;t;
0;22082014;7;25;t;
0;10062014;7;37;t;
0;17052014;7;32;t;
0;3032014;7;32;t;
0;12032014;7;36;t;
0;8022014;7;34;t;
0;12042014;7;32;t;
0;2102014;7;37;t;
0;1022014;7;0;t;
0;19072014;7;39;t;
0;4032014;7;46;t;
0;14012014;7;30;t;
0;16042014;7;33;t;
0;23072014;7;36;t;
0;16072014;7;16;t;
0;25082014;7;35;t;
0;13062014;7;38;t;
0;3072014;7;30;t;
0;3052014;7;32;t;
0;9042014;7;23;t;
0;6062014;7;30;t;
0;25032014;7;40;t;
0;15022014;7;33;t;
0;20062014;7;32;t;
0;13012014;7;6;t;
0;18012014;7;20;t;
0;22092014;7;35;t;
0;20092014;7;39;t;
0;3062014;7;33;t;
0;24092014;7;0;t;
0;16052014;7;30;t;
0;24052014;7;30;t;
0;6092014;7;6;t;
0;16082014;7;6;t;
0;30052014;7;30;t;
0;10072014;7;30;t;
0;18072014;7;30;t;
0;8092014;7;35;t;
0;21022014;7;37;t;
0;15052014;7;30;t;
0;24022014;7;30;t;
0;9042015;7;37;t;
0;4042015;7;41;t;
0;10112014;7;35;t;
0;26032015;7;37;t;
0;25032015;7;53;t;
0;21032015;7;38;t;
0;20032015;7;41;t;
0;19032015;7;35;t;
0;8112014;7;44;t;
0;14032015;7;35;t;
0;10032015;7;35;t;
0;9032015;7;47;t;
0;7032015;7;35;t;
0;7112014;7;45;t;
0;6032015;7;35;t;
0;5032015;7;43;t;
0;4102014;7;2;t;
0;28022015;7;37;t;
0;27022015;7;35;t;
0;25022015;7;40;t;
0;22102014;7;40;t;
0;24022015;7;38;t;
0;21022015;7;35;t;
0;20022015;7;35;t;
0;19022015;7;37;t;
0;18022015;7;53;t;
0;14022015;7;37;t;
0;13022015;7;53;t;
0;11022015;7;35;t;
0;7022015;7;35;t;
0;17102014;7;39;t;
0;6022015;7;35;t;
0;3112014;7;35;t;
0;31012015;7;0;t;
0;8102014;7;38;t;
0;30012015;7;35;t;
0;29012015;7;39;t;
0;15102014;7;37;t;
0;24012015;7;37;t;
0;23012015;7;9;t;
0;1112014;7;2;t;
0;22012015;7;35;t;
0;21012015;7;38;t;
0;20012015;7;41;t;
0;19012015;7;41;t;
0;17012015;7;47;t;
0;16012015;7;35;t;
0;14012015;7;43;t;
0;31102014;7;44;t;
0;12012015;7;41;t;
0;10012015;7;37;t;
0;9012015;7;35;t;
0;7012015;7;42;t;
0;18102014;7;41;t;
0;5012015;7;47;t;
0;20122014;7;37;t;
0;19122014;7;35;t;
0;18122014;7;39;t;
0;13122014;7;37;t;
0;12122014;7;35;t;
0;11102014;7;43;t;
0;11122014;7;9;t;
0;10122014;7;43;t;
0;7102014;7;35;t;
0;6122014;7;35;t;
0;5122014;7;39;t;
0;27102014;7;40;t;
0;29112014;7;35;t;
0;28112014;7;30;t;
0;27112014;7;0;t;
0;26112014;7;38;t;
0;25102014;7;39;t;
0;22112014;7;35;t;
0;20112014;7;43;t;
0;17112014;7;35;t;
0;6102014;7;35;t;
0;14112014;7;35;t;
0;13112014;7;35;t;
0;24102014;7;37;t;
0;12112014;7;18;t;
0;25062014;7;33;t;
0;14032014;7;32;t;
0;16012014;7;34;t;
0;11092014;7;37;t;
0;25042014;7;30;t;
0;29082014;7;35;t;
0;15012014;7;0;t;
0;3102014;7;39;t;
0;6022014;7;32;t;
0;9062014;7;34;t;
0;15092014;7;37;t;
0;17012014;7;30;t;
0;28022014;7;38;t;
0;7032014;7;33;t;
0;20022014;7;36;t;
0;23082014;7;37;t;
0;7022014;7;32;t;
0;14082014;7;35;t;
0;4042014;7;30;t;
0;21052014;7;30;t;
0;20082014;7;35;t;
0;25072014;7;30;t;
0;4072014;7;36;t;
0;21072014;7;0;t;
0;8052014;7;30;t;
0;23042014;7;42;t;
0;11072014;7;32;t;
0;26022014;7;30;t;
0;1082014;7;30;t;
0;18062014;7;46;t;
0;21032014;7;30;t;
0;12082014;7;35;t;
0;24012014;7;0;t;
0;17092014;7;35;t;
0;27062014;7;42;t;
0;9052014;7;30;t;
0;2062014;7;37;t;
0;22052014;7;32;t;
0;2092014;7;37;t;
0;11012014;7;0;t;
0;28062014;7;30;t;
0;29052014;7;20;t;
0;30072014;7;30;t;
0;20032014;7;30;t;
0;5042014;7;0;t;
0;30082014;7;35;t;
0;10052014;7;30;t;
0;3042014;7;30;t;
0;12072014;7;30;t;
0;17042014;7;32;t;
0;31052014;7;38;t;
0;27012014;7;38;t;
0;26092014;7;37;t;
0;23052014;7;30;t;
0;24042014;7;8;t;
0;5052014;7;30;t;
0;24032014;7;30;t;
0;14022014;7;30;t;
0;22042014;7;41;t;
0;24062014;7;30;t;
0;17032014;7;30;t;
0;15082014;7;35;t;
0;11082014;7;39;t;
0;29072014;7;0;t;
0;13032014;7;30;t;
0;21062014;7;32;t;
0;5072014;7;30;t;
0;8082014;7;38;t;
0;9082014;7;37;t;
0;29082014;8;37;t;
0;11092014;8;35;t;
0;25012014;8;39;t;
0;7062014;8;32;t;
0;30082014;8;45;t;
0;28082014;8;43;t;
0;4092014;8;35;t;
0;12092014;8;35;t;
0;22112014;8;37;t;
0;11072014;8;36;t;
0;1032014;8;2;t;
0;10012014;8;32;t;
0;3022014;8;48;t;
0;20022014;8;38;t;
0;14012014;8;32;t;
0;1022014;8;35;t;
0;15022014;8;33;t;
0;16072014;8;30;t;
0;6062014;8;38;t;
0;13062014;8;32;t;
0;5072014;8;8;t;
0;10072014;8;34;t;
0;8092014;8;35;t;
0;23082014;8;35;t;
0;3062014;8;33;t;
0;1092014;8;35;t;
0;7032014;8;0;t;
0;26062014;8;32;t;
0;2062014;8;36;t;
0;21022014;8;46;t;
0;6102014;8;39;t;
0;22082014;8;25;t;
0;18072014;8;30;t;
0;13012014;8;0;t;
0;31052014;8;30;t;
0;5092014;8;37;t;
0;11082014;8;40;t;
0;30052014;8;30;t;
0;8032014;8;33;t;
0;2052014;8;30;t;
0;24012014;8;30;t;
0;29052014;8;32;t;
0;20082014;8;0;t;
0;14112014;8;35;t;
0;26092014;8;35;t;
0;27052014;8;30;t;
0;19072014;8;0;t;
0;29092014;8;37;t;
0;12032014;8;54;t;
0;24052014;8;34;t;
0;14062014;8;30;t;
0;13112014;8;37;t;
0;12082014;8;35;t;
0;14022014;8;34;t;
0;23052014;8;32;t;
0;16012014;8;32;t;
0;13032014;8;33;t;
0;22052014;8;32;t;
0;19092014;8;0;t;
0;24032014;8;30;t;
0;21052014;8;38;t;
0;25062014;8;24;t;
0;15012014;8;36;t;
0;14032014;8;33;t;
0;27012014;8;0;t;
0;17092014;8;35;t;
0;26072014;8;30;t;
0;18062014;8;32;t;
0;20092014;8;35;t;
0;5052014;8;35;t;
0;22032014;8;2;t;
0;25072014;8;33;t;
0;12072014;8;30;t;
0;14082014;8;35;t;
0;27062014;8;30;t;
0;8052014;8;25;t;
0;27092014;8;35;t;
0;21032014;8;42;t;
0;9052014;8;25;t;
0;20032014;8;30;t;
0;10052014;8;2;t;
0;22022014;8;30;t;
0;3072014;8;30;t;
0;24062014;8;36;t;
0;15082014;8;35;t;
0;6092014;8;37;t;
0;16052014;8;36;t;
0;2092014;8;35;t;
0;23072014;8;36;t;
0;11122014;8;35;t;
0;12122014;8;47;t;
0;13122014;8;6;t;
0;11102014;8;35;t;
0;16082014;8;37;t;
0;18122014;8;37;t;
0;18102014;8;37;t;
0;19122014;8;35;t;
0;20122014;8;46;t;
0;5012015;8;37;t;
0;7012015;8;18;t;
0;9012015;8;37;t;
0;17052014;8;30;t;
0;10012015;8;3;t;
0;14012015;8;15;t;
0;31102014;8;35;t;
0;16012015;8;35;t;
0;17012015;8;9;t;
0;19012015;8;37;t;
0;8102014;8;27;t;
0;23012015;8;43;t;
0;1112014;8;46;t;
0;6122014;8;37;t;
0;15032014;8;38;t;
0;24012015;8;37;t;
0;30012015;8;41;t;
0;27102014;8;40;t;
0;31012015;8;38;t;
0;3112014;8;37;t;
0;6022015;8;35;t;
0;5122014;8;37;t;
0;3052014;8;32;t;
0;7022015;8;35;t;
0;17102014;8;53;t;
0;25042014;8;0;t;
0;11022015;8;35;t;
0;14022015;8;44;t;
0;18022015;8;35;t;
0;19022015;8;35;t;
0;20022015;8;0;t;
0;21022015;8;0;t;
0;24022015;8;35;t;
0;25022015;8;18;t;
0;27022015;8;35;t;
0;28022015;8;37;t;
0;5032015;8;40;t;
0;7112014;8;35;t;
0;4102014;8;38;t;
0;14032015;8;38;t;
0;8112014;8;38;t;
0;20032015;8;0;t;
0;21032015;8;38;t;
0;4042015;8;35;t;
0;9042015;8;35;t;
0;29112014;8;37;t;
0;30072014;8;24;t;
0;18082014;8;45;t;
0;21062014;8;32;t;
0;9082014;8;38;t;
0;23042014;8;23;t;
0;24022014;8;30;t;
0;5042014;8;38;t;
0;14072014;8;36;t;
0;22042014;8;30;t;
0;11012014;8;16;t;
0;19042014;8;30;t;
0;22092014;8;37;t;
0;7082014;8;35;t;
0;1082014;8;38;t;
0;27112014;8;53;t;
0;17012014;8;32;t;
0;17042014;8;34;t;
0;26022014;8;30;t;
0;16042014;8;30;t;
0;9042014;8;30;t;
0;18012014;8;32;t;
0;11042014;8;30;t;
0;4042014;8;30;t;
0;2082014;8;35;t;
0;20062014;8;34;t;
0;12042014;8;34;t;
0;4082014;8;45;t;
0;4072014;8;36;t;
0;15092014;8;35;t;
0;7022014;8;34;t;
0;25102014;8;35;t;
0;28022014;8;30;t;
0;9042015;9;38;t;
0;13062014;9;30;t;
0;2082014;9;39;t;
0;8052014;9;25;t;
0;18012014;9;32;t;
0;23082014;9;35;t;
0;26062014;9;16;t;
0;7032014;9;30;t;
0;11012014;9;30;t;
0;22082014;9;39;t;
0;31052014;9;3;t;
0;11042014;9;30;t;
0;21032014;9;30;t;
0;25042014;9;30;t;
0;18072014;9;36;t;
0;10072014;9;36;t;
0;24012014;9;8;t;
0;30052014;9;30;t;
0;5092014;9;35;t;
0;8032014;9;35;t;
0;21022014;9;30;t;
0;23042014;9;30;t;
0;26022014;9;33;t;
0;27052014;9;33;t;
0;19072014;9;38;t;
0;22032014;9;30;t;
0;16042014;9;16;t;
0;10012014;9;32;t;
0;12032014;9;36;t;
0;24052014;9;30;t;
0;22092014;9;35;t;
0;1082014;9;30;t;
0;14022014;9;30;t;
0;5052014;9;45;t;
0;23052014;9;30;t;
0;13032014;9;30;t;
0;26072014;9;42;t;
0;17042014;9;30;t;
0;22052014;9;32;t;
0;12082014;9;37;t;
0;14062014;9;30;t;
0;25062014;9;33;t;
0;19092014;9;53;t;
0;20092014;9;0;t;
0;9082014;9;35;t;
0;15012014;9;30;t;
0;18082014;9;35;t;
0;17052014;9;0;t;
0;15032014;9;2;t;
0;16082014;9;41;t;
0;23072014;9;30;t;
0;26092014;9;35;t;
0;19042014;9;30;t;
0;16052014;9;32;t;
0;3072014;9;38;t;
0;12072014;9;32;t;
0;2052014;9;30;t;
0;11072014;9;30;t;
0;5042014;9;33;t;
0;6092014;9;35;t;
0;17092014;9;37;t;
0;15082014;9;35;t;
0;27092014;9;35;t;
0;30082014;9;37;t;
0;22042014;9;32;t;
0;14082014;9;6;t;
0;10052014;9;38;t;
0;28022014;9;30;t;
0;21062014;9;30;t;
0;7022014;9;30;t;
0;29082014;9;35;t;
0;22022014;9;32;t;
0;20032014;9;30;t;
0;11092014;9;35;t;
0;25012014;9;33;t;
0;27062014;9;33;t;
0;7062014;9;30;t;
0;2092014;9;35;t;
0;12092014;9;35;t;
0;1092014;9;35;t;
0;9052014;9;30;t;
0;1032014;9;30;t;
0;3022014;9;46;t;
0;15022014;9;41;t;
0;4082014;9;35;t;
0;20062014;9;30;t;
0;1022014;9;30;t;
0;18062014;9;2;t;
0;12042014;9;30;t;
0;4042014;9;16;t;
0;16072014;9;34;t;
0;8102014;9;44;t;
0;11102014;9;39;t;
0;17102014;9;35;t;
0;18102014;9;35;t;
0;25102014;9;37;t;
0;1112014;9;35;t;
0;8112014;9;0;t;
0;14112014;9;35;t;
0;22112014;9;35;t;
0;29112014;9;35;t;
0;5122014;9;46;t;
0;6122014;9;80;t;
0;12122014;9;37;t;
0;13122014;9;37;t;
0;18122014;9;49;t;
0;19122014;9;35;t;
0;20122014;9;35;t;
0;5012015;9;37;t;
0;7012015;9;37;t;
0;9012015;9;45;t;
0;10012015;9;0;t;
0;14012015;9;35;t;
0;17012015;9;41;t;
0;23012015;9;35;t;
0;24012015;9;0;t;
0;30012015;9;35;t;
0;6022015;9;45;t;
0;7022015;9;0;t;
0;11022015;9;18;t;
0;20022015;9;37;t;
0;21022015;9;35;t;
0;24022015;9;35;t;
0;25022015;9;35;t;
0;27022015;9;38;t;
0;28022015;9;3;t;
0;5032015;9;22;t;
0;14032015;9;35;t;
0;20032015;9;38;t;
0;21032015;9;35;t;
0;4042015;9;35;t;
0;17012015;10;37;t;
0;17102014;10;44;t;
0;15022014;10;30;t;
0;14022014;10;30;t;
0;1032014;10;32;t;
0;12042014;10;30;t;
0;16042014;10;33;t;
0;8112014;10;35;t;
0;17042014;10;33;t;
0;24012015;10;0;t;
0;15032014;10;36;t;
0;14032015;10;0;t;
0;22042014;10;30;t;
0;23042014;10;30;t;
0;25042014;10;30;t;
0;2052014;10;22;t;
0;3022014;10;32;t;
0;22032014;10;30;t;
0;9052014;10;38;t;
0;11102014;10;35;t;
0;10052014;10;33;t;
0;16052014;10;30;t;
0;17052014;10;30;t;
0;23052014;10;38;t;
0;24052014;10;2;t;
0;30052014;10;32;t;
0;31052014;10;38;t;
0;7062014;10;30;t;
0;13062014;10;30;t;
0;14062014;10;30;t;
0;20062014;10;30;t;
0;21062014;10;38;t;
0;25062014;10;54;t;
0;26062014;10;36;t;
0;27062014;10;30;t;
0;6022015;10;38;t;
0;1022014;10;30;t;
0;3072014;10;30;t;
0;10072014;10;32;t;
0;11072014;10;30;t;
0;12072014;10;33;t;
0;16072014;10;34;t;
0;18072014;10;37;t;
0;19072014;10;50;t;
0;11042014;10;30;t;
0;1112014;10;35;t;
0;7032014;10;33;t;
0;23072014;10;33;t;
0;26072014;10;16;t;
0;1082014;10;30;t;
0;5042014;10;37;t;
0;2082014;10;0;t;
0;9082014;10;37;t;
0;12082014;10;0;t;
0;25012014;10;30;t;
0;8102014;10;0;t;
0;5122014;10;35;t;
0;24012014;10;30;t;
0;20022015;10;38;t;
0;21022015;10;40;t;
0;29112014;10;35;t;
0;4042014;10;38;t;
0;27022015;10;37;t;
0;18012014;10;2;t;
0;28022015;10;0;t;
0;22112014;10;35;t;
0;21032014;10;30;t;
0;5032015;10;39;t;
0;15012014;10;16;t;
0;7022015;10;37;t;
0;12122014;10;35;t;
0;28022014;10;30;t;
0;21032015;10;35;t;
0;10012014;10;47;t;
0;16082014;10;40;t;
0;22082014;10;40;t;
0;23082014;10;43;t;
0;30082014;10;37;t;
0;2092014;10;38;t;
0;5092014;10;35;t;
0;6092014;10;35;t;
0;11092014;10;37;t;
0;11012014;10;33;t;
0;12092014;10;35;t;
0;17092014;10;35;t;
0;19092014;10;37;t;
0;20092014;10;0;t;
0;27092014;10;35;t;
0;7012015;10;44;t;
0;9012015;10;40;t;
0;26022014;10;32;t;
0;10012015;10;40;t;
0;22022014;10;34;t;
0;14012015;10;35;t;
0;21022014;10;35;t;
0;19122014;10;66;t;
0;4042015;10;0;t;
0;20122014;10;68;t;
0;18102014;10;35;t;
0;18062014;10;30;t;
0;8032014;10;38;t;
0;12092014;11;35;t;
0;11102014;11;37;t;
0;18102014;11;2;t;
0;17102014;11;35;t;
0;1112014;11;37;t;
0;21032015;11;41;t;
0;10072014;11;30;t;
0;24012014;11;30;t;
0;10052014;11;30;t;
0;20062014;11;25;t;
0;11012014;11;33;t;
0;18062014;11;30;t;
0;11092014;11;37;t;
0;23082014;11;35;t;
0;12072014;11;30;t;
0;14062014;11;30;t;
0;20122014;11;41;t;
0;27062014;11;30;t;
0;5042014;11;30;t;
0;3072014;11;32;t;
0;4042014;11;46;t;
0;12042014;11;41;t;
0;5092014;11;37;t;
0;7062014;11;32;t;
0;2082014;11;37;t;
0;3022014;11;35;t;
0;2092014;11;35;t;
0;21022014;11;36;t;
0;15012014;11;33;t;
0;16072014;11;6;t;
0;15032014;11;32;t;
0;22082014;11;35;t;
0;21062014;11;38;t;
0;1082014;11;42;t;
0;14022014;11;46;t;
0;27092014;11;35;t;
0;1022014;11;30;t;
0;31052014;11;30;t;
0;17042014;11;34;t;
0;10012014;11;32;t;
0;18072014;11;30;t;
0;22042014;11;30;t;
0;17092014;11;37;t;
0;25042014;11;38;t;
0;11072014;11;36;t;
0;16082014;11;2;t;
0;30052014;11;32;t;
0;25012014;11;35;t;
0;8032014;11;30;t;
0;19072014;11;32;t;
0;15022014;11;42;t;
0;2052014;11;30;t;
0;26072014;11;33;t;
0;9082014;11;2;t;
0;24052014;11;30;t;
0;6092014;11;39;t;
0;22032014;11;32;t;
0;30082014;11;37;t;
0;18012014;11;39;t;
0;17052014;11;32;t;
0;21032014;11;30;t;
0;11042014;11;46;t;
0;26062014;11;46;t;
0;16052014;11;30;t;
0;28022014;11;30;t;
0;23072014;11;33;t;
0;20092014;11;35;t;
0;7032014;11;36;t;
0;5032015;11;37;t;
0;22112014;11;35;t;
0;28022015;11;37;t;
0;27022015;11;41;t;
0;29112014;11;35;t;
0;21022015;11;40;t;
0;20022015;11;35;t;
0;12122014;11;35;t;
0;7022015;11;35;t;
0;6022015;11;47;t;
0;24012015;11;44;t;
0;17012015;11;35;t;
0;10012015;11;37;t;
0;7012015;11;50;t;
0;12122014;12;2;t;
0;21032015;12;0;t;
0;7032014;12;46;t;
0;17052014;12;33;t;
0;8032014;12;35;t;
0;29112014;12;41;t;
0;22032014;12;30;t;
0;11012014;12;32;t;
0;5042014;12;38;t;
0;14062014;12;30;t;
0;27092014;12;35;t;
0;25042014;12;30;t;
0;1022014;12;34;t;
0;9082014;12;35;t;
0;21022015;12;42;t;
0;11102014;12;40;t;
0;21062014;12;33;t;
0;27022015;12;39;t;
0;15032014;12;30;t;
0;3022014;12;22;t;
0;26072014;12;30;t;
0;14022014;12;30;t;
0;12092014;12;35;t;
0;3072014;12;2;t;
0;18072014;12;30;t;
0;31052014;12;30;t;
0;20022015;12;37;t;
0;22082014;12;43;t;
0;18012014;12;30;t;
0;24012014;12;40;t;
0;30052014;12;30;t;
0;19072014;12;30;t;
0;12042014;12;30;t;
0;15022014;12;30;t;
0;28022014;12;38;t;
0;10052014;12;30;t;
0;25012014;12;34;t;
0;16082014;12;35;t;
0;24052014;12;30;t;
0;11092014;12;0;t;
0;7062014;12;30;t;
0;23082014;12;37;t;
0;20062014;12;32;t;
0;5032015;12;37;t;
0;17042014;12;32;t;
0;15012014;12;56;t;
0;22112014;12;35;t;
0;11072014;12;30;t;
0;11042014;12;30;t;
0;12072014;12;30;t;
0;2092014;12;35;t;
0;23072014;12;32;t;
0;10012014;12;30;t;
0;18102014;12;35;t;
0;21022014;12;30;t;
0;17012015;12;35;t;
0;1082014;12;30;t;
0;30082014;12;8;t;
0;17102014;12;35;t;
0;2052014;12;44;t;
0;7022015;12;0;t;
0;28022015;12;37;t;
0;15022014;13;54;t;
0;28022015;13;35;t;
0;5032015;13;44;t;
0;11102014;13;41;t;
0;17012015;13;35;t;
0;17102014;13;35;t;
0;21032015;13;35;t;
0;7022015;13;35;t;
0;27022015;13;35;t;
0;22032014;13;35;t;
0;11012014;13;34;t;
0;5042014;13;32;t;
0;14022014;13;30;t;
0;11072014;13;0;t;
0;8032014;13;30;t;
0;20062014;13;32;t;
0;12072014;13;30;t;
0;14062014;13;33;t;
0;23082014;13;40;t;
0;3072014;13;36;t;
0;7062014;13;32;t;
0;15012014;13;32;t;
0;27092014;13;35;t;
0;31052014;13;32;t;
0;16082014;13;37;t;
0;18072014;13;30;t;
0;30052014;13;30;t;
0;15032014;13;30;t;
0;19072014;13;30;t;
0;24052014;13;32;t;
0;17052014;13;33;t;
0;18012014;13;32;t;
0;23072014;13;16;t;
0;21022015;13;50;t;
0;26072014;13;46;t;
0;24012014;13;33;t;
0;2052014;13;35;t;
0;30082014;13;39;t;
0;25042014;13;46;t;
0;25012014;13;30;t;
0;1082014;13;30;t;
0;1022014;13;30;t;
0;3022014;13;0;t;
0;12042014;13;30;t;
0;2092014;13;35;t;
0;21062014;13;2;t;
0;9082014;13;37;t;
0;18102014;13;43;t;
0;22112014;13;40;t;
0;18072014;14;30;t;
0;22112014;14;40;t;
0;28022015;14;37;t;
0;18102014;14;43;t;
0;23082014;14;37;t;
0;25042014;14;30;t;
0;21062014;14;2;t;
0;30052014;14;42;t;
0;12042014;14;32;t;
0;15012014;14;40;t;
0;5042014;14;30;t;
0;3022014;14;32;t;
0;23072014;14;30;t;
0;25012014;14;40;t;
0;24012014;14;30;t;
0;14022014;14;30;t;
0;14062014;14;30;t;
0;15022014;14;30;t;
0;19072014;14;36;t;
0;15032014;14;42;t;
0;11012014;14;32;t;
0;18012014;14;30;t;
0;27092014;14;35;t;
0;24052014;14;30;t;
0;22032014;14;38;t;
0;31052014;14;32;t;
0;7062014;14;30;t;
0;21032015;14;35;t;
0;11102014;14;39;t;
0;17012015;14;0;t;
0;24012014;15;34;t;
0;22032014;15;32;t;
0;24052014;15;33;t;
0;25042014;15;30;t;
0;22112014;15;35;t;
0;25012014;15;32;t;
0;28022015;15;35;t;
0;21062014;15;30;t;
0;15032014;15;30;t;
0;11012014;15;42;t;
0;19072014;15;30;t;
0;18072014;15;30;t;
0;30052014;15;46;t;
0;11102014;15;35;t;
0;18012014;15;32;t;
0;7062014;15;30;t;
0;23082014;15;37;t;
0;15022014;15;30;t;
0;21062014;16;30;t;
0;15032014;16;35;t;
0;28022015;16;39;t;
0;19072014;16;30;t;
0;23082014;16;35;t;
0;22032014;16;32;t;
0;25042014;16;30;t;
0;18072014;16;38;t;
0;11102014;16;2;t;
0;22112014;16;3;t;
0;15032014;17;32;t;
0;23082014;17;2;t;
0;18072014;17;30;t;
0;22032014;17;30;t;
0;19072014;17;30;t;
0;11102014;17;43;t;
0;22112014;17;41;t;
0;15032014;18;30;t;
0;19072014;18;2;t;
0;11102014;18;37;t;
0;11102014;19;35;t;
0;15032014;19;32;t;
1;2062014;1;110;t;
1;11112014;1;140;t;
1;7022015;1;140;t;
1;1032014;1;110;t;
1;30042014;1;110;t;
1;29102014;1;140;t;
1;4042015;1;140;t;
1;2042014;1;110;t;
1;15012014;1;110;t;
1;2032015;1;140;t;
1;28112014;1;140;t;
1;1022014;1;110;t;
1;5012015;1;140;t;
1;2072014;1;110;t;
1;30082014;1;140;t;
2;7062014;1;122;t;
2;18012014;1;120;t;
2;3052014;1;120;t;
2;1112014;1;140;t;
2;4042015;1;280;t;
2;1032014;1;120;t;
2;9082014;1;120;t;
2;5072014;1;120;t;
2;5042014;1;120;t;
2;18102014;1;140;t;
2;13122014;1;140;t;
2;21022015;1;140;t;
2;17012015;1;140;t;
2;8022014;1;120;t;
2;5042014;2;2;t;
2;1112014;2;140;t;
3;18012014;1;10;f;
3;10012014;1;8;f;
4;9102014;1;140;t;
4;11112014;1;140;t;
4;6122014;1;140;t;
4;7012015;1;140;t;
4;7032014;1;110;t;
4;8052014;1;110;t;
4;15012014;1;110;t;
4;7082014;1;140;t;
4;7042014;1;110;t;
4;10092014;1;140;t;
4;11022014;1;110;t;
4;9062014;1;110;t;
4;11072014;1;110;t;
4;7022015;1;140;t;
4;9032015;1;140;t;
5;12042014;1;24;f;
5;16032015;1;15;t;
5;12072014;1;143;t;
5;19042014;1;10;f;
5;17112014;1;135;t;
5;15012014;1;8;t;
5;10032014;1;159;t;
5;29102014;1;135;t;
5;16012015;1;158;t;
5;5042014;1;178;t;
5;17052014;1;153;t;
5;6092014;1;165;t;
5;20012014;1;9;t;
5;14062014;1;143;t;
5;11082014;1;165;t;
5;6022014;1;161;t;
5;15012014;2;143;t;
5;15012014;3;16;t;
6;14032015;1;2;t;
6;8022014;1;12;t;
6;28062014;1;4;t;
6;6082014;1;169;t;
6;28022015;1;8;t;
6;12042014;1;15;t;
6;6022014;1;145;t;
6;17012015;1;2;t;
6;18092014;1;4;t;
6;8032014;1;12;t;
6;6032014;1;154;t;
6;8112014;1;2;t;
6;29112014;1;2;t;
6;19032015;1;6;f;
6;3112014;1;137;t;
6;3042014;1;150;t;
6;7022015;1;212.5;t;
6;4042015;1;127;t;
6;16102014;1;2;t;
6;12012015;1;135;t;
6;13102014;1;135;t;
6;31012015;1;4;t;
6;23082014;1;10;t;
6;21062014;1;4;t;
6;7072014;1;145;t;
6;6062014;1;145;t;
6;31052014;1;14;t;
6;1092014;1;135;t;
6;5032015;1;179;t;
6;24012015;1;4;t;
6;24052014;1;4;t;
6;20122014;1;141;t;
6;5042014;1;13;t;
6;6092014;1;2;t;
6;15052014;1;159;t;
6;30082014;1;2;t;
6;15032014;1;16;t;
6;23012014;1;143;t;
6;22112014;1;8;t;
7;21032015;1;100;f;
7;29112014;1;50;f;
7;8112014;1;50;f;
7;22032014;1;50;f;
7;7062014;1;50;f;
7;5072014;1;60;f;
7;5042014;1;97;t;
7;15022014;1;27;f;
7;10012015;1;100;f;
7;29092014;1;50;f;
7;8092014;1;50;f;
7;18012014;1;70;f;
7;1112014;1;50;f;
7;13082014;1;100;f;
7;20082014;1;50;f;
8;19072014;1;5;t;
8;11032014;1;192;t;
8;8052014;1;15;t;
9;22012014;1;77;t;
9;18022014;1;4;t;
9;8082014;1;5;t;
9;14052014;1;73;t;
9;2072014;1;65;t;
9;15042014;1;111;t;
9;11032014;1;15;t;
9;5062014;1;65;t;
9;13022014;1;92;t;
9;17022014;1;40;t;
11;10032014;1;3;t;
11;5122014;1;20;f;
11;26032015;1;15;t;
11;5022015;1;102;t;
11;14032015;1;72;f;
11;7032015;1;100;f;
11;17022015;1;16;t;
11;6042015;1;180;t;
11;15012015;1;17;f;
11;25112014;1;5;f;
11;19012015;1;18;t;
11;16012014;1;100;f;
11;4032014;1;140;f;
11;30042014;1;28;t;
11;21012015;1;70;f;
11;7032014;1;25;t;
11;24022014;1;21;t;
11;30012014;1;19;t;
11;15042014;1;45;f;
11;8042014;1;100;f;
11;8082014;1;5;t;
11;11022014;1;150;f;
11;26112014;1;4;t;
11;21012014;1;61;t;
11;18032014;1;36;t;
11;8032014;1;17;t;
11;25112014;2;2;f;
12;15012014;1;130;f;
13;2082014;1;100;f;
13;15032014;1;100;f;
13;6032014;1;102;f;
13;15012014;1;130;f;
13;8032014;1;80;f;
13;5072014;1;50;f;
13;12072014;1;500;f;
13;11092014;1;150;f;
13;22052014;1;350;t;
13;13012014;1;19;t;
13;15022014;1;100;f;
13;25012014;1;50;f;
13;24052014;1;24;f;
13;20092014;1;100;f;
13;14022015;1;50;f;
13;28022015;1;27;f;
13;26012015;1;23;t;
13;14032015;1;6;t;
13;13122014;1;300;t;
13;5022015;1;50;f;
13;13102014;1;150;f;
13;14012015;1;10;t;
13;15102014;1;150;f;
13;19022015;1;50;f;
13;1112014;1;150;f;
13;19022015;2;7;t;
14;15042014;1;159;f;
14;28012015;1;100;f;
14;25032015;1;150;f;
14;14012015;1;100;f;
14;6082014;1;60;f;
14;2072014;1;65;f;
14;11062014;1;50;f;
14;6062014;1;50;f;
14;27082014;1;50;f;
14;21012014;1;100;f;
14;29042014;1;100;f;
14;10072014;1;100;f;
14;18022014;1;100;f;
14;23012015;1;61;f;
15;9032015;1;150;t;
15;8082014;1;20;t;
15;10032014;1;130;t;
15;3022014;1;130;t;
16;17052014;1;78;t;
16;4122014;1;75;f;
16;26022015;1;100;f;
16;7042014;1;78;t;
16;20022014;1;78;t;
16;12072014;1;78;t;
16;7082014;1;90;t;
16;23012014;1;4;t;
16;22012014;1;16;t;
16;8022014;1;58;f;
16;11092014;1;75;t;
16;26062014;1;78;t;
16;1032014;1;38;t;
16;8032014;1;34;t;
16;12042014;1;32;t;
16;20012014;1;8;t;
16;11012014;1;18;t;
16;5042014;1;26;f;
16;15012014;1;78;t;
16;22032014;1;10;t;
16;22012015;1;100;t;
16;29102014;1;75;t;
16;19032015;1;100;f;
16;6122014;1;75;t;
17;2032015;1;100;f;
17;8122014;1;100;f;
17;9042015;1;100;f;
17;3112014;1;100;f;
17;21012014;1;2;t;
17;5012015;1;100;f;
17;6032014;1;88.670000000000002;f;
17;8052014;1;84.659999999999997;f;
17;8032014;1;28;f;
17;19042014;1;44;f;
17;1092014;1;100;f;
17;11022014;1;2;f;
17;23012014;1;2;t;
17;2022015;1;100;f;
17;16012014;1;43.340000000000003;f;
17;3052014;1;16;f;
17;13022014;1;5;f;
17;15012014;1;86.670000000000002;f;
17;18022014;1;2;f;
17;4022014;1;6;f;
17;6022014;1;91.670000000000002;f;
17;30062014;1;108.67;f;
17;11102014;1;100;f;
17;8022014;1;44;f;
17;7042014;1;88.670000000000002;f;
17;4032014;1;4;f;
17;1032014;1;10;f;
17;17032014;1;2;f;
17;30062014;2;88;f;
17;3052014;2;10;f;
17;16012014;2;1.99;f;
18;12032015;1;100;f;
18;13022014;1;86.670000000000002;f;
18;13032014;1;90.670000000000002;f;
18;30102014;1;100;f;
18;6012015;1;200;f;
18;26062014;1;88.670000000000002;f;
18;26082014;1;100;f;
18;8052014;1;86.659999999999997;f;
18;31072014;1;86.670000000000002;f;
18;15012014;1;86.670000000000002;f;
18;13112014;1;100;f;
18;16012014;1;43.329999999999998;f;
18;26022015;1;102;f;
18;9092014;1;100;f;
18;10042014;1;88.670000000000002;f;
18;13022014;2;18;f;
19;17032014;1;15;t;
19;9102014;1;164;t;
19;7042014;1;105;t;
19;6122014;1;33;f;
19;15052014;1;174;t;
19;3032014;1;305;t;
19;24052014;1;21;t;
19;8032014;1;24;t;
19;6092014;1;139;t;
19;12042014;1;20;t;
19;5032015;1;181;t;
19;15012014;1;143;f;
19;10022014;1;10;f;
19;30062014;1;143;t;
19;16022015;1;206.5;t;
19;6042015;1;133;t;
19;21082014;1;359;t;
19;20012014;1;41;t;
19;20012014;2;8;t;
19;3032014;2;4;t;
20;12042014;1;34;f;
20;10022014;1;4;f;
20;15092014;1;125;f;
20;3042014;1;200;f;
20;19042014;1;12;f;
20;25012014;1;26;t;
20;20022014;1;50;f;
20;23012014;1;100;t;
20;24022014;1;99;t;
20;15012015;1;90;f;
20;7042014;1;4;f;
20;20012014;1;10;f;
20;8032014;1;16;f;
20;31012015;1;150;f;
20;15012014;1;143;f;
20;13102014;1;4;f;
20;19052014;1;4;f;
20;17032014;1;5;f;
20;1032014;1;4;t;
20;4042015;1;93;f;
20;7082014;1;2;f;
20;13022014;1;2;f;
20;9102014;1;270;f;
20;23022015;1;160;f;
20;14032015;1;166;f;
20;20112014;1;100;f;
20;21062014;1;200;f;
20;15032014;1;14;f;
20;10042014;1;2;f;
20;5042014;1;32;f;
20;2082014;1;300;f;
20;9102014;2;100;f;
20;23012014;2;4;t;
21;23012014;1;5;f;
21;9022015;1;150;t;
21;8112014;1;150;t;
21;14042014;1;6;t;
21;17022014;1;4;t;
21;15042014;1;3;t;
21;8092014;1;100;f;
21;7032014;1;141;t;
21;30012014;1;6;t;
21;20022014;1;2;t;
21;3022014;1;7;f;
21;3072014;1;80;f;
21;24012014;1;10;t;
21;19022014;1;4;t;
21;10022014;1;30;t;
21;19042014;1;17;t;
21;8032014;1;17;t;
21;27012014;1;4;t;
21;7042014;1;37;t;
21;7082014;1;50;t;
21;25032014;1;2;t;
21;8012015;1;50;t;
21;5052014;1;110;f;
21;4042014;1;105;f;
21;3102014;1;100;f;
21;10092014;1;50;t;
21;24022014;1;4;t;
21;4022014;1;4;f;
21;6082014;1;100;f;
21;11032014;1;10;t;
21;4032015;1;150;t;
21;9042015;1;67;t;
21;25022014;1;2;t;
21;20032014;1;7;t;
21;5012015;1;100;f;
21;6022014;1;100;f;
21;13032014;1;2;t;
21;4032014;1;7;f;
21;2062014;1;20;f;
21;20012014;1;29;t;
21;28022014;1;2;t;
21;14032014;1;5;t;
21;11042014;1;14;t;
21;17032014;1;2;f;
21;7072014;1;130;f;
21;17012014;1;4;t;
21;20122014;1;58;t;
21;11022014;1;6;t;
21;6102014;1;50;t;
21;8042015;1;100;f;
21;16012014;1;4;t;
21;8052014;1;20;t;
21;24032014;1;4;t;
21;8042014;1;4;t;
21;12122014;1;100;f;
21;15012014;1;14;t;
21;7072014;2;70;t;
21;6022014;2;10;f;
21;15012014;2;130;t;
22;11022014;1;4;f;
22;20122014;1;26;t;
22;8012015;1;150;t;
22;3022015;1;150;t;
22;5032014;1;6;t;
22;25012014;1;13;f;
22;3052014;1;150;f;
22;31012014;1;2;f;
22;1092014;1;204;t;
22;17022014;1;2;f;
22;15012014;1;130;t;
22;20022014;1;50;f;
22;23012014;1;4;f;
22;4042014;1;138;f;
22;9052014;1;30;f;
22;20012014;1;6;f;
22;24022014;1;2;f;
22;4022014;1;2;f;
22;3072014;1;130;f;
22;13022014;1;2;f;
22;2062014;1;130;f;
22;5122014;1;150;t;
22;6022014;1;200;f;
22;16012014;1;100;f;
22;3032014;1;130;t;
22;27012014;1;7;f;
22;12032015;1;158;t;
22;11112014;1;150;t;
22;7102014;1;152;t;
22;16012014;2;20;f;
22;5032014;2;100;f;
22;11022014;2;2;f;
22;16012014;3;2;f;
23;17032014;1;8;f;
23;24042014;1;5.9900000000000002;f;
23;6062014;1;92.670000000000002;f;
23;6102014;1;100;f;
23;2022015;1;100;f;
23;4022014;1;3.6600000000000001;f;
23;27022014;1;2;f;
23;10042014;1;2;f;
23;15012014;1;86.670000000000002;f;
23;19052014;1;6;f;
23;16012014;1;43.329999999999998;f;
23;6022014;1;89;f;
23;20032014;1;6;f;
23;18022014;1;2;f;
23;8122014;1;100;f;
23;6032014;1;93.670000000000002;f;
23;10112014;1;100;f;
23;8032014;1;28;f;
23;28012014;1;4.0099999999999998;f;
23;6042015;1;106;f;
23;5032015;1;100;f;
23;4092014;1;100;f;
23;3042014;1;98.670000000000002;f;
23;4082014;1;100;f;
23;5052014;1;93.659999999999997;f;
23;13022014;1;20;f;
23;4032014;1;5;f;
23;14042014;1;6;f;
23;3072014;1;86.670000000000002;f;
23;9022015;1;106;f;
23;24042014;2;3.0099999999999998;f;
24;27022014;1;4;t;
24;6032014;1;148;t;
24;8032014;1;28;t;
24;20022014;1;2;t;
24;3042014;1;4;f;
24;9062014;1;45;t;
24;5052014;1;130;t;
24;23012014;1;6;t;
24;30012014;1;10;t;
24;6022014;1;132;t;
24;8022014;1;22;t;
24;7042014;1;130;t;
24;13022014;1;4;t;
24;18022014;1;8;t;
24;18022014;2;65;t;
25;8082014;1;5;t;
26;25012014;1;12;t;
26;1032014;1;15;t;
26;12042014;1;29;t;
26;19042014;1;15;t;
27;17032014;1;8;t;
27;12042014;1;22;t;
27;20012014;1;28;t;
27;15012014;1;20;t;
28;11012014;1;25;t;
29;14042014;1;200;t;
29;5032014;1;400;t;
29;8082014;1;10;t;
29;16012014;1;50;f;
29;5022014;1;450;f;
29;19022014;1;150;f;
29;5032014;2;50;t;
29;5022014;2;130;f;
36;5042014;1;3;t;
36;28022014;1;120;f;
36;3042014;1;25;t;
36;3032014;1;5;t;
36;1032014;1;150;t;
36;7062014;1;33;t;
36;2052014;1;135;t;
36;19042014;1;8;t;
37;13082014;1;50;f;
37;16072014;1;65;t;
37;26032014;1;65;t;
37;17092014;1;75;t;
37;10122014;1;75;t;
37;4032015;1;75;t;
37;11022015;1;95;t;
37;12112014;1;75;t;
37;21052014;1;65;t;
37;18022014;1;65;t;
37;23042014;1;65;t;
37;15012014;1;65;t;
37;8102014;1;75;t;
37;20082014;1;25;t;
37;14012015;1;55;f;
37;9072014;1;65;f;
38;15012014;1;65;t;
38;7012015;1;75;t;
38;19032014;1;65;t;
38;21052014;1;65;t;
38;9042014;1;65;t;
38;18022014;1;67;t;
38;17092014;1;75;t;
38;9072014;1;130;t;
38;13082014;1;75;t;
38;8102014;1;75;t;
38;12112014;1;75;t;
38;11032015;1;75;t;
38;10122014;1;75;t;
38;11022015;1;75;t;
39;10112014;1;150;f;
39;4042014;1;71;f;
39;9052014;1;32;f;
39;28012014;1;10;t;
39;16052014;1;33;f;
39;5072014;1;16;f;
39;7022014;1;53;f;
39;21012014;1;5;f;
39;31012014;1;6;t;
39;12092014;1;177;t;
39;18072014;1;139;t;
39;18012014;1;30;f;
39;24102014;1;22;t;
39;25012014;1;70;t;
39;7032014;1;29;f;
39;7062014;1;8;f;
39;20012014;1;142;t;
39;21022014;1;154;t;
39;3052014;1;35;t;
39;14032014;1;58;f;
39;18082014;1;158;t;
39;1092014;1;20;f;
39;10102014;1;166.5;t;
39;11082014;1;32;f;
39;16062014;1;134;t;
39;11042014;1;130;t;
39;12122014;1;187;t;
39;6032015;1;202;t;
39;22012015;1;166;t;
39;21112014;1;51;t;
39;22042014;1;206;t;
39;10022015;1;162;t;
39;6042015;1;184;t;
39;14022014;1;53;f;
39;21032014;1;211;t;
39;17092014;1;14;t;
39;22052014;1;130;t;
39;21012014;2;1;t;
40;5032015;1;150;t;
40;3062014;1;130;t;
40;4032014;1;130;t;
40;9082014;1;130;t;
40;6022014;1;130;t;
40;10072014;1;130;t;
40;6052014;1;130;t;
40;8042014;1;130;t;
40;7042015;1;130;t;
41;8032014;1;45.329999999999998;f;
41;15022014;1;2;f;
41;7062014;1;86.659999999999997;f;
41;5042014;1;43.340000000000003;f;
41;2022015;1;390;f;
41;18012014;1;17;t;
41;15032014;1;2;f;
41;22022014;1;45.340000000000003;f;
41;2022015;2;3.3399999999999999;f;
42;8122014;1;2;t;
42;20012014;1;20;t;
42;12052014;1;170;f;
42;17022014;1;17;t;
42;10022014;1;17;t;
42;24022014;1;15;t;
43;15022014;1;2;f;
43;8032014;1;45.329999999999998;f;
43;7062014;1;86.659999999999997;f;
43;1032014;1;4;f;
43;5042014;1;43.340000000000003;f;
43;18012014;1;19;t;
43;15032014;1;2;f;
43;22022014;1;45.340000000000003;f;
43;2022015;1;3.3399999999999999;f;
44;18012014;1;15;t;
44;15032014;1;2;f;
44;7062014;1;86.659999999999997;f;
44;8032014;1;45.329999999999998;f;
44;5042014;1;43.340000000000003;f;
44;15022014;1;2;f;
44;22022014;1;43.340000000000003;f;
44;2022015;1;3.3399999999999999;f;
44;1032014;1;2;f;
45;20012014;1;6;t;
46;10032014;1;30;t;
46;17032014;1;15;t;
46;24032014;1;15;t;
46;20012014;1;15;t;
46;17022014;1;32;t;
46;24022014;1;17;t;
46;12052014;1;47;t;
49;5022014;1;380;t;
49;7042014;1;200;t;
50;25012014;1;18;t;
50;11022014;1;234;f;
52;8082014;1;5;t;
53;8092014;1;75;t;
54;26072014;1;80;t;
54;12042014;1;130;t;
54;18022014;1;110;t;
54;18082014;1;75;t;
55;18022014;1;108;t;
55;2082014;1;50;t;
55;12042014;1;130;t;
56;6032014;1;106;t;
56;19032014;1;310;t;
56;17042014;1;168;t;
56;26022014;1;100;f;
57;8052014;1;65;t;
57;8082014;1;10;t;
57;3042014;1;65;t;
57;4062014;1;65;t;
58;8052014;1;65;t;
58;3042014;1;65;t;
58;8082014;1;10;t;
58;4062014;1;65;t;
60;17052014;1;46;t;
60;12122014;1;27;t;
60;15032014;1;15;t;
60;21062014;1;70;f;
60;6082014;1;150;f;
60;3092014;1;182;t;
60;25042014;1;33;t;
60;5052014;1;6;f;
60;23082014;1;81;t;
60;31052014;1;20;f;
60;18072014;1;136;t;
60;7062014;1;136;f;
60;14072014;1;142;f;
60;2072014;1;72;f;
60;10062014;1;22;f;
60;11032015;1;25;t;
60;13102014;1;72;t;
60;20122014;1;33;t;
60;11122014;1;10;t;
61;2052014;1;120;t;
61;7082014;1;140;t;
61;5032015;1;140;t;
61;3122014;1;140;t;
61;8102014;1;140;t;
61;7012015;1;140;t;
61;3042014;1;120;t;
61;18092014;1;140;t;
61;2072014;1;120;t;
61;12112014;1;140;t;
62;8082014;1;5;t;
64;7102014;1;150;t;
64;2122014;1;150;f;
64;2092014;1;150;t;
64;15072014;1;130;t;
64;12082014;1;150;t;
64;24062014;1;158;t;
64;29072014;1;8;t;
65;15092014;1;135;t;
65;3112014;1;135;t;
65;9102014;1;135;t;
65;12012015;1;270;t;
66;16022015;1;75;t;
66;12012015;1;75;t;
66;1122014;1;75;t;
67;16022015;1;75;t;
67;12012015;1;75;t;
67;1122014;1;75;t;
68;11022015;1;150;t;
68;7012015;1;150;t;
68;11032015;1;150;t;
69;12032015;1;50;t;
69;9042015;1;50;t;
69;5022015;1;50;t;
70;5022015;1;50;t;
70;9042015;1;50;t;
70;12032015;1;50;t;
71;12032015;1;50;t;
71;5022015;1;50;t;
71;9042015;1;50;t;
